# vis: 4th_split
# correlation: YY
# channel average: 2048
# time average: 300s
# baseline average: True
# spw average: True
# From plot 0
# x y chan scan field ant1 ant2 ant1name ant2name time freq spw corr obs
# Time Real None None None None None None None MJD(seconds) GHz None None None
5067838999.929 -9.58156e-05 0 1 0 -1 -1 * * 5067838999.929 2.100501003 0 YY 0
5067839449.930 9.02049e-05 0 1 0 -1 -1 * * 5067839449.930 2.100501001 0 YY 0
5067839899.931 0.000144691 0 1 0 -1 -1 * * 5067839899.931 2.100500995 0 YY 0
5067840349.929 0.000173707 0 1 0 -1 -1 * * 5067840349.929 2.100500992 0 YY 0
5067840929.930 0.000167007 0 2 0 -1 -1 * * 5067840929.930 2.100500981 0 YY 0
5067841529.930 -4.85732e-05 0 2 0 -1 -1 * * 5067841529.930 2.100500971 0 YY 0
5067842129.930 1.73098e-05 0 2 0 -1 -1 * * 5067842129.930 2.100500958 0 YY 0
5067842859.931 -9.29188e-05 0 3 0 -1 -1 * * 5067842859.931 2.100500941 0 YY 0
5067843309.929 0.000159834 0 3 0 -1 -1 * * 5067843309.929 2.100500933 0 YY 0
5067843759.930 0.000107866 0 3 0 -1 -1 * * 5067843759.930 2.100500915 0 YY 0
5067844209.931 0.000124829 0 3 0 -1 -1 * * 5067844209.931 2.100500906 0 YY 0
5067844639.929 -1.79935e-05 0 4 0 -1 -1 * * 5067844639.929 2.100500892 0 YY 0
5067845089.930 -2.39132e-05 0 4 0 -1 -1 * * 5067845089.930 2.100500871 0 YY 0
5067845539.929 4.58111e-05 0 4 0 -1 -1 * * 5067845539.929 2.100500860 0 YY 0
5067845989.929 0.000211997 0 4 0 -1 -1 * * 5067845989.929 2.100500836 0 YY 0
5067846719.930 1.89203e-05 0 5 0 -1 -1 * * 5067846719.930 2.100500805 0 YY 0
5067847319.930 6.80023e-05 0 5 0 -1 -1 * * 5067847319.930 2.100500778 0 YY 0
5067847769.928 2.59877e-05 0 5 0 -1 -1 * * 5067847769.928 2.100500764 0 YY 0
5067848069.930 -5.28189e-05 0 5 0 -1 -1 * * 5067848069.930 2.100500749 0 YY 0
5067848499.929 -8.20583e-05 0 6 0 -1 -1 * * 5067848499.929 2.100500728 0 YY 0
5067848949.930 -4.9545e-05 0 6 0 -1 -1 * * 5067848949.930 2.100500697 0 YY 0
5067849549.930 0.000115611 0 6 0 -1 -1 * * 5067849549.930 2.100500664 0 YY 0
5067849999.931 6.44822e-05 0 6 0 -1 -1 * * 5067849999.931 2.100500647 0 YY 0
5067850579.929 3.56052e-06 0 7 0 -1 -1 * * 5067850579.929 2.100500606 0 YY 0
5067851179.929 3.3e-05 0 7 0 -1 -1 * * 5067851179.929 2.100500570 0 YY 0
5067851779.930 0.000234088 0 7 0 -1 -1 * * 5067851779.930 2.100500533 0 YY 0
5067852509.930 0.000102905 0 8 0 -1 -1 * * 5067852509.930 2.100500487 0 YY 0
5067853109.930 -0.000114937 0 8 0 -1 -1 * * 5067853109.930 2.100500448 0 YY 0
5067853709.930 -0.00012795 0 8 0 -1 -1 * * 5067853709.930 2.100500408 0 YY 0
5067854289.929 -1.20255e-06 0 9 0 -1 -1 * * 5067854289.929 2.100500379 0 YY 0
5067854739.930 7.23671e-05 0 9 0 -1 -1 * * 5067854739.930 2.100500338 0 YY 0
5067855324.928 -5.93836e-05 0 9 0 -1 -1 * * 5067855324.928 2.100500297 0 YY 0
5067856249.930 5.63003e-05 0 10 0 -1 -1 * * 5067856249.930 2.100500232 0 YY 0
5067856699.928 8.27745e-05 0 10 0 -1 -1 * * 5067856699.928 2.100500210 0 YY 0
5067856999.930 -1.53723e-05 0 10 0 -1 -1 * * 5067856999.930 2.100500189 0 YY 0
5067857449.931 -1.43522e-05 0 10 0 -1 -1 * * 5067857449.931 2.100500145 0 YY 0
5067858029.929 -0.000188749 0 11 0 -1 -1 * * 5067858029.929 2.100500114 0 YY 0
5067858479.930 0.000166558 0 11 0 -1 -1 * * 5067858479.930 2.100500070 0 YY 0
5067859079.930 9.57029e-05 0 11 0 -1 -1 * * 5067859079.930 2.100500026 0 YY 0
5067859529.931 1.03454e-05 0 11 0 -1 -1 * * 5067859529.931 2.100500004 0 YY 0
5067859959.930 -0.000122097 0 12 0 -1 -1 * * 5067859959.930 2.100499973 0 YY 0
5067860409.931 -1.27091e-05 0 12 0 -1 -1 * * 5067860409.931 2.100499929 0 YY 0
5067860769.930 0.000134525 0 12 0 -1 -1 * * 5067860769.930 2.100499913 0 YY 0
5067861409.929 0.000111561 0 13 0 -1 -1 * * 5067861409.929 2.100499867 0 YY 0
5067861859.930 7.3821e-05 0 13 0 -1 -1 * * 5067861859.930 2.100499823 0 YY 0
5067862309.929 0.000142027 0 13 0 -1 -1 * * 5067862309.929 2.100499802 0 YY 0
5067862759.929 -0.000145293 0 13 0 -1 -1 * * 5067862759.929 2.100499759 0 YY 0
5067863489.930 0.000167707 0 14 0 -1 -1 * * 5067863489.930 2.100499707 0 YY 0
5067864089.930 -4.3879e-05 0 14 0 -1 -1 * * 5067864089.930 2.100499665 0 YY 0
5067864539.928 -0.000133104 0 14 0 -1 -1 * * 5067864539.928 2.100499645 0 YY 0
5067864839.930 4.48471e-05 0 14 0 -1 -1 * * 5067864839.930 2.100499624 0 YY 0
5067865269.929 -0.000131781 0 15 0 -1 -1 * * 5067865269.929 2.100499595 0 YY 0
5067865719.929 3.06331e-05 0 15 0 -1 -1 * * 5067865719.929 2.100499555 0 YY 0
5067866319.930 -2.23811e-05 0 15 0 -1 -1 * * 5067866319.930 2.100499516 0 YY 0
5067866769.931 5.91629e-05 0 15 0 -1 -1 * * 5067866769.931 2.100499497 0 YY 0
5067867349.929 -7.45517e-05 0 16 0 -1 -1 * * 5067867349.929 2.100499451 0 YY 0
5067867799.930 1.25703e-06 0 16 0 -1 -1 * * 5067867799.930 2.100499433 0 YY 0
5067868249.931 1.91383e-05 0 16 0 -1 -1 * * 5067868249.931 2.100499397 0 YY 0
5067868699.929 0.000323017 0 16 0 -1 -1 * * 5067868699.929 2.100499380 0 YY 0
5067869279.930 -0.000260846 0 17 0 -1 -1 * * 5067869279.930 2.100499338 0 YY 0
5067869879.930 -3.65132e-05 0 17 0 -1 -1 * * 5067869879.930 2.100499306 0 YY 0
5067870479.930 0.000115023 0 17 0 -1 -1 * * 5067870479.930 2.100499275 0 YY 0
5067871209.931 -6.39885e-05 0 18 0 -1 -1 * * 5067871209.931 2.100499239 0 YY 0
5067871659.929 7.41172e-05 0 18 0 -1 -1 * * 5067871659.929 2.100499224 0 YY 0
5067872109.930 3.4255e-05 0 18 0 -1 -1 * * 5067872109.930 2.100499197 0 YY 0
5067872559.931 0.000193483 0 18 0 -1 -1 * * 5067872559.931 2.100499184 0 YY 0
5067872989.929 -2.01856e-05 0 19 0 -1 -1 * * 5067872989.929 2.100499166 0 YY 0
5067873439.930 -2.86628e-05 0 19 0 -1 -1 * * 5067873439.930 2.100499142 0 YY 0
5067873889.929 0.000407739 0 19 0 -1 -1 * * 5067873889.929 2.100499131 0 YY 0
5067874339.929 -0.000143954 0 19 0 -1 -1 * * 5067874339.929 2.100499110 0 YY 0
5067875069.930 0.000210569 0 20 0 -1 -1 * * 5067875069.930 2.100499086 0 YY 0
5067875669.930 0.000209411 0 20 0 -1 -1 * * 5067875669.930 2.100499068 0 YY 0
5067876119.928 0.000113672 0 20 0 -1 -1 * * 5067876119.928 2.100499060 0 YY 0
5067876419.930 4.93094e-05 0 20 0 -1 -1 * * 5067876419.930 2.100499053 0 YY 0
5067876849.929 0.000157103 0 21 0 -1 -1 * * 5067876849.929 2.100499043 0 YY 0
5067877299.930 -2.70491e-05 0 21 0 -1 -1 * * 5067877299.930 2.100499030 0 YY 0
5067877899.930 -5.89202e-05 0 21 0 -1 -1 * * 5067877899.930 2.100499019 0 YY 0
5067878349.931 0.000156034 0 21 0 -1 -1 * * 5067878349.931 2.100499015 0 YY 0
5067878779.924 4.82641e-05 0 22 0 -1 -1 * * 5067878779.924 2.100499009 0 YY 0
5067879229.928 8.0383e-05 0 22 0 -1 -1 * * 5067879229.928 2.100499002 0 YY 0
5067879829.931 4.5146e-05 0 22 0 -1 -1 * * 5067879829.931 2.100498998 0 YY 0
5067880279.929 3.99369e-05 0 22 0 -1 -1 * * 5067880279.929 2.100498996 0 YY 0
5067880824.932 0.000297888 0 23 0 -1 -1 * * 5067880824.932 2.100498994 0 YY 0
