# vis: 4th_split
# correlation: XX
# channel average: 2048
# time average: 300s
# baseline average: True
# spw average: True
# From plot 0
# x y chan scan field ant1 ant2 ant1name ant2name time freq spw corr obs
# Time Real None None None None None None None MJD(seconds) GHz None None None
5067838999.929 3.01283e-05 0 1 0 -1 -1 * * 5067838999.929 2.100501003 0 XX 0
5067839449.930 0.000144878 0 1 0 -1 -1 * * 5067839449.930 2.100501001 0 XX 0
5067839899.931 1.26426e-05 0 1 0 -1 -1 * * 5067839899.931 2.100500995 0 XX 0
5067840349.929 -0.000239006 0 1 0 -1 -1 * * 5067840349.929 2.100500992 0 XX 0
5067840929.930 0.000165286 0 2 0 -1 -1 * * 5067840929.930 2.100500981 0 XX 0
5067841529.930 -1.08346e-05 0 2 0 -1 -1 * * 5067841529.930 2.100500971 0 XX 0
5067842129.930 3.05687e-05 0 2 0 -1 -1 * * 5067842129.930 2.100500958 0 XX 0
5067842859.931 3.14962e-06 0 3 0 -1 -1 * * 5067842859.931 2.100500941 0 XX 0
5067843309.929 -1.46959e-05 0 3 0 -1 -1 * * 5067843309.929 2.100500933 0 XX 0
5067843759.930 0.000127763 0 3 0 -1 -1 * * 5067843759.930 2.100500915 0 XX 0
5067844209.931 7.41707e-06 0 3 0 -1 -1 * * 5067844209.931 2.100500906 0 XX 0
5067844639.929 -5.84646e-05 0 4 0 -1 -1 * * 5067844639.929 2.100500892 0 XX 0
5067845089.930 8.33875e-05 0 4 0 -1 -1 * * 5067845089.930 2.100500871 0 XX 0
5067845539.929 0.00017185 0 4 0 -1 -1 * * 5067845539.929 2.100500860 0 XX 0
5067845989.929 0.000121962 0 4 0 -1 -1 * * 5067845989.929 2.100500836 0 XX 0
5067846719.930 7.90551e-05 0 5 0 -1 -1 * * 5067846719.930 2.100500805 0 XX 0
5067847319.930 -3.50231e-06 0 5 0 -1 -1 * * 5067847319.930 2.100500778 0 XX 0
5067847769.928 0.000206859 0 5 0 -1 -1 * * 5067847769.928 2.100500764 0 XX 0
5067848069.930 9.69085e-05 0 5 0 -1 -1 * * 5067848069.930 2.100500749 0 XX 0
5067848499.929 -0.000232524 0 6 0 -1 -1 * * 5067848499.929 2.100500728 0 XX 0
5067848949.930 0.000192635 0 6 0 -1 -1 * * 5067848949.930 2.100500697 0 XX 0
5067849549.930 4.64502e-05 0 6 0 -1 -1 * * 5067849549.930 2.100500664 0 XX 0
5067849999.931 0.000267049 0 6 0 -1 -1 * * 5067849999.931 2.100500647 0 XX 0
5067850579.929 3.52288e-05 0 7 0 -1 -1 * * 5067850579.929 2.100500606 0 XX 0
5067851179.929 7.07671e-05 0 7 0 -1 -1 * * 5067851179.929 2.100500570 0 XX 0
5067851779.930 5.94619e-05 0 7 0 -1 -1 * * 5067851779.930 2.100500533 0 XX 0
5067852509.930 3.25948e-05 0 8 0 -1 -1 * * 5067852509.930 2.100500487 0 XX 0
5067853109.930 0.000200861 0 8 0 -1 -1 * * 5067853109.930 2.100500448 0 XX 0
5067853709.930 2.9236e-05 0 8 0 -1 -1 * * 5067853709.930 2.100500408 0 XX 0
5067854289.929 7.19787e-05 0 9 0 -1 -1 * * 5067854289.929 2.100500379 0 XX 0
5067854739.930 0.00017132 0 9 0 -1 -1 * * 5067854739.930 2.100500338 0 XX 0
5067855324.928 -2.01617e-05 0 9 0 -1 -1 * * 5067855324.928 2.100500297 0 XX 0
5067856249.930 0.000111869 0 10 0 -1 -1 * * 5067856249.930 2.100500232 0 XX 0
5067856699.928 0.000148445 0 10 0 -1 -1 * * 5067856699.928 2.100500210 0 XX 0
5067856999.930 0.000192335 0 10 0 -1 -1 * * 5067856999.930 2.100500189 0 XX 0
5067857449.931 3.4477e-05 0 10 0 -1 -1 * * 5067857449.931 2.100500145 0 XX 0
5067858029.929 0.000197754 0 11 0 -1 -1 * * 5067858029.929 2.100500114 0 XX 0
5067858479.930 0.000252832 0 11 0 -1 -1 * * 5067858479.930 2.100500070 0 XX 0
5067859079.930 0.000255018 0 11 0 -1 -1 * * 5067859079.930 2.100500026 0 XX 0
5067859529.931 -0.000232535 0 11 0 -1 -1 * * 5067859529.931 2.100500004 0 XX 0
5067859959.930 -0.000313241 0 12 0 -1 -1 * * 5067859959.930 2.100499973 0 XX 0
5067860409.931 -0.000101824 0 12 0 -1 -1 * * 5067860409.931 2.100499929 0 XX 0
5067860769.930 -0.000354787 0 12 0 -1 -1 * * 5067860769.930 2.100499913 0 XX 0
5067861409.929 0.0001498 0 13 0 -1 -1 * * 5067861409.929 2.100499867 0 XX 0
5067861859.930 0.000135917 0 13 0 -1 -1 * * 5067861859.930 2.100499823 0 XX 0
5067862309.929 -7.4017e-05 0 13 0 -1 -1 * * 5067862309.929 2.100499802 0 XX 0
5067862759.929 3.44162e-05 0 13 0 -1 -1 * * 5067862759.929 2.100499759 0 XX 0
5067863489.930 3.90334e-06 0 14 0 -1 -1 * * 5067863489.930 2.100499707 0 XX 0
5067864089.930 6.17887e-05 0 14 0 -1 -1 * * 5067864089.930 2.100499665 0 XX 0
5067864539.928 0.000144395 0 14 0 -1 -1 * * 5067864539.928 2.100499645 0 XX 0
5067864839.930 2.2746e-05 0 14 0 -1 -1 * * 5067864839.930 2.100499624 0 XX 0
5067865269.929 1.425e-05 0 15 0 -1 -1 * * 5067865269.929 2.100499595 0 XX 0
5067865719.929 -0.000127638 0 15 0 -1 -1 * * 5067865719.929 2.100499555 0 XX 0
5067866319.930 7.57049e-05 0 15 0 -1 -1 * * 5067866319.930 2.100499516 0 XX 0
5067866769.931 -4.31173e-05 0 15 0 -1 -1 * * 5067866769.931 2.100499497 0 XX 0
5067867349.929 9.2939e-05 0 16 0 -1 -1 * * 5067867349.929 2.100499451 0 XX 0
5067867799.930 -0.00010782 0 16 0 -1 -1 * * 5067867799.930 2.100499433 0 XX 0
5067868249.931 5.54333e-05 0 16 0 -1 -1 * * 5067868249.931 2.100499397 0 XX 0
5067868699.929 0.000187459 0 16 0 -1 -1 * * 5067868699.929 2.100499380 0 XX 0
5067869279.930 5.66083e-05 0 17 0 -1 -1 * * 5067869279.930 2.100499338 0 XX 0
5067869879.930 1.03461e-05 0 17 0 -1 -1 * * 5067869879.930 2.100499306 0 XX 0
5067870479.930 -4.20493e-05 0 17 0 -1 -1 * * 5067870479.930 2.100499275 0 XX 0
5067871209.931 -4.85346e-05 0 18 0 -1 -1 * * 5067871209.931 2.100499239 0 XX 0
5067871659.929 0.000131295 0 18 0 -1 -1 * * 5067871659.929 2.100499224 0 XX 0
5067872109.930 -2.95378e-05 0 18 0 -1 -1 * * 5067872109.930 2.100499197 0 XX 0
5067872559.931 -5.8363e-05 0 18 0 -1 -1 * * 5067872559.931 2.100499184 0 XX 0
5067872989.929 2.5581e-05 0 19 0 -1 -1 * * 5067872989.929 2.100499166 0 XX 0
5067873439.930 0.000112774 0 19 0 -1 -1 * * 5067873439.930 2.100499142 0 XX 0
5067873889.929 0.000139953 0 19 0 -1 -1 * * 5067873889.929 2.100499131 0 XX 0
5067874339.929 -2.57826e-05 0 19 0 -1 -1 * * 5067874339.929 2.100499110 0 XX 0
5067875069.930 0.000129183 0 20 0 -1 -1 * * 5067875069.930 2.100499086 0 XX 0
5067875669.930 5.4654e-05 0 20 0 -1 -1 * * 5067875669.930 2.100499068 0 XX 0
5067876119.928 -6.53574e-05 0 20 0 -1 -1 * * 5067876119.928 2.100499060 0 XX 0
5067876419.930 2.745e-05 0 20 0 -1 -1 * * 5067876419.930 2.100499053 0 XX 0
5067876849.929 -0.000118851 0 21 0 -1 -1 * * 5067876849.929 2.100499043 0 XX 0
5067877299.930 -4.60137e-05 0 21 0 -1 -1 * * 5067877299.930 2.100499030 0 XX 0
5067877899.930 -2.94386e-05 0 21 0 -1 -1 * * 5067877899.930 2.100499019 0 XX 0
5067878349.931 8.49859e-05 0 21 0 -1 -1 * * 5067878349.931 2.100499015 0 XX 0
5067878779.924 -0.000131169 0 22 0 -1 -1 * * 5067878779.924 2.100499009 0 XX 0
5067879229.928 0.000150822 0 22 0 -1 -1 * * 5067879229.928 2.100499002 0 XX 0
5067879829.931 0.000207604 0 22 0 -1 -1 * * 5067879829.931 2.100498998 0 XX 0
5067880279.929 0.000247369 0 22 0 -1 -1 * * 5067880279.929 2.100498996 0 XX 0
5067880824.932 4.76206e-05 0 23 0 -1 -1 * * 5067880824.932 2.100498994 0 XX 0
