# vis: TOI732_small.ms
# correlation: RR
# channel average: 2048
# time average: 1e+08s
# baseline average: True
# spw average: True
# From plot 0
# x y chan scan field ant1 ant2 ant1name ant2name time freq spw corr obs
# Time Imag None None None None None None None MJD(seconds) GHz None None None
5085267592.500 0.000138407 0 5 0 -1 -1 * * 5085267592.500 2.051002221 0 RR 0
5085267738.750 -6.6319e-06 0 6 0 -1 -1 * * 5085267738.750 2.051002206 0 RR 0
5085267918.750 -6.11707e-05 0 7 0 -1 -1 * * 5085267918.750 2.051002189 0 RR 0
5085268098.750 -4.85302e-05 0 8 0 -1 -1 * * 5085268098.750 2.051002170 0 RR 0
5085268278.750 7.29434e-05 0 9 0 -1 -1 * * 5085268278.750 2.051002152 0 RR 0
5085268458.750 3.13017e-05 0 10 0 -1 -1 * * 5085268458.750 2.051002133 0 RR 0
5085268638.750 -9.52427e-05 0 11 0 -1 -1 * * 5085268638.750 2.051002114 0 RR 0
5085268818.750 -3.61066e-05 0 12 0 -1 -1 * * 5085268818.750 2.051002094 0 RR 0
5085268998.750 -6.94184e-05 0 13 0 -1 -1 * * 5085268998.750 2.051002074 0 RR 0
5085269177.500 -5.26395e-05 0 14 0 -1 -1 * * 5085269177.500 2.051002054 0 RR 0
5085269353.750 7.29039e-05 0 15 0 -1 -1 * * 5085269353.750 2.051002033 0 RR 0
5085269533.750 -7.1295e-06 0 16 0 -1 -1 * * 5085269533.750 2.051002012 0 RR 0
5085269713.750 5.978e-06 0 17 0 -1 -1 * * 5085269713.750 2.051001991 0 RR 0
5085269893.750 -6.2222e-05 0 18 0 -1 -1 * * 5085269893.750 2.051001969 0 RR 0
5085270073.750 3.00091e-06 0 19 0 -1 -1 * * 5085270073.750 2.051001947 0 RR 0
5085270253.750 2.46448e-05 0 20 0 -1 -1 * * 5085270253.750 2.051001925 0 RR 0
5085270433.750 -3.9552e-05 0 21 0 -1 -1 * * 5085270433.750 2.051001902 0 RR 0
5085270613.750 -7.257e-05 0 22 0 -1 -1 * * 5085270613.750 2.051001879 0 RR 0
5085270793.750 3.13728e-05 0 23 0 -1 -1 * * 5085270793.750 2.051001855 0 RR 0
5085270972.500 -1.15794e-05 0 24 0 -1 -1 * * 5085270972.500 2.051001832 0 RR 0
5085271148.750 -4.15069e-05 0 25 0 -1 -1 * * 5085271148.750 2.051001808 0 RR 0
5085271367.500 -7.35708e-05 0 27 0 -1 -1 * * 5085271367.500 2.051001778 0 RR 0
5085271513.750 -3.17244e-05 0 28 0 -1 -1 * * 5085271513.750 2.051001758 0 RR 0
5085271693.750 -3.11008e-05 0 29 0 -1 -1 * * 5085271693.750 2.051001733 0 RR 0
5085271873.750 5.77924e-05 0 30 0 -1 -1 * * 5085271873.750 2.051001708 0 RR 0
5085272053.750 1.96378e-05 0 31 0 -1 -1 * * 5085272053.750 2.051001682 0 RR 0
5085272233.750 2.59365e-05 0 32 0 -1 -1 * * 5085272233.750 2.051001657 0 RR 0
5085272413.750 2.96047e-05 0 33 0 -1 -1 * * 5085272413.750 2.051001630 0 RR 0
5085272593.750 -4.83031e-05 0 34 0 -1 -1 * * 5085272593.750 2.051001604 0 RR 0
5085272772.500 -4.94335e-06 0 35 0 -1 -1 * * 5085272772.500 2.051001577 0 RR 0
5085272948.750 -1.64251e-05 0 36 0 -1 -1 * * 5085272948.750 2.051001551 0 RR 0
5085273128.750 -1.20753e-05 0 37 0 -1 -1 * * 5085273128.750 2.051001524 0 RR 0
5085273308.750 2.0551e-05 0 38 0 -1 -1 * * 5085273308.750 2.051001496 0 RR 0
5085273488.750 2.81702e-05 0 39 0 -1 -1 * * 5085273488.750 2.051001468 0 RR 0
5085273668.750 3.91502e-05 0 40 0 -1 -1 * * 5085273668.750 2.051001440 0 RR 0
5085273848.750 -1.64651e-05 0 41 0 -1 -1 * * 5085273848.750 2.051001412 0 RR 0
5085274028.750 -9.03222e-07 0 42 0 -1 -1 * * 5085274028.750 2.051001384 0 RR 0
5085274208.750 3.15171e-05 0 43 0 -1 -1 * * 5085274208.750 2.051001355 0 RR 0
5085274388.750 -2.51276e-05 0 44 0 -1 -1 * * 5085274388.750 2.051001326 0 RR 0
5085274567.500 -1.68262e-05 0 45 0 -1 -1 * * 5085274567.500 2.051001297 0 RR 0
5085274743.750 -4.15483e-05 0 46 0 -1 -1 * * 5085274743.750 2.051001268 0 RR 0
5085274922.500 1.32551e-05 0 47 0 -1 -1 * * 5085274922.500 2.051001239 0 RR 0
5085275142.500 3.7701e-05 0 49 0 -1 -1 * * 5085275142.500 2.051001202 0 RR 0
5085275288.750 -2.60281e-05 0 50 0 -1 -1 * * 5085275288.750 2.051001178 0 RR 0
5085275468.750 -8.26382e-05 0 51 0 -1 -1 * * 5085275468.750 2.051001147 0 RR 0
5085275648.750 -1.25513e-05 0 52 0 -1 -1 * * 5085275648.750 2.051001117 0 RR 0
5085275828.750 4.54292e-05 0 53 0 -1 -1 * * 5085275828.750 2.051001086 0 RR 0
5085276008.750 2.45029e-05 0 54 0 -1 -1 * * 5085276008.750 2.051001055 0 RR 0
5085276188.750 -6.6029e-05 0 55 0 -1 -1 * * 5085276188.750 2.051001024 0 RR 0
5085276367.500 6.76888e-06 0 56 0 -1 -1 * * 5085276367.500 2.051000993 0 RR 0
5085276543.750 2.41483e-05 0 57 0 -1 -1 * * 5085276543.750 2.051000963 0 RR 0
5085276723.750 -2.29058e-05 0 58 0 -1 -1 * * 5085276723.750 2.051000931 0 RR 0
5085276903.750 -1.01928e-05 0 59 0 -1 -1 * * 5085276903.750 2.051000899 0 RR 0
5085277083.750 -2.02284e-05 0 60 0 -1 -1 * * 5085277083.750 2.051000868 0 RR 0
5085277263.750 -1.99846e-05 0 61 0 -1 -1 * * 5085277263.750 2.051000836 0 RR 0
5085277443.750 -2.49916e-05 0 62 0 -1 -1 * * 5085277443.750 2.051000803 0 RR 0
5085277623.750 -2.47208e-05 0 63 0 -1 -1 * * 5085277623.750 2.051000771 0 RR 0
5085277803.750 5.28755e-06 0 64 0 -1 -1 * * 5085277803.750 2.051000739 0 RR 0
5085277983.750 -6.54515e-05 0 65 0 -1 -1 * * 5085277983.750 2.051000706 0 RR 0
5085278163.750 -0.000100222 0 66 0 -1 -1 * * 5085278163.750 2.051000673 0 RR 0
5085278338.750 1.6783e-05 0 67 0 -1 -1 * * 5085278338.750 2.051000642 0 RR 0
5085278518.750 1.37821e-05 0 68 0 -1 -1 * * 5085278518.750 2.051000609 0 RR 0
5085278697.500 3.78939e-05 0 69 0 -1 -1 * * 5085278697.500 2.051000576 0 RR 0
5085278917.500 2.11908e-05 0 71 0 -1 -1 * * 5085278917.500 2.051000535 0 RR 0
5085279063.750 2.00643e-05 0 72 0 -1 -1 * * 5085279063.750 2.051000508 0 RR 0
5085279243.750 3.20436e-05 0 73 0 -1 -1 * * 5085279243.750 2.051000475 0 RR 0
5085279423.750 4.04858e-05 0 74 0 -1 -1 * * 5085279423.750 2.051000442 0 RR 0
5085279603.750 2.17287e-05 0 75 0 -1 -1 * * 5085279603.750 2.051000408 0 RR 0
5085279783.750 -3.22962e-05 0 76 0 -1 -1 * * 5085279783.750 2.051000375 0 RR 0
5085279963.750 -7.65571e-05 0 77 0 -1 -1 * * 5085279963.750 2.051000341 0 RR 0
5085280142.500 1.5972e-05 0 78 0 -1 -1 * * 5085280142.500 2.051000308 0 RR 0
5085280318.750 -3.38234e-05 0 79 0 -1 -1 * * 5085280318.750 2.051000275 0 RR 0
5085280498.750 1.79782e-05 0 80 0 -1 -1 * * 5085280498.750 2.051000241 0 RR 0
5085280678.750 3.67922e-06 0 81 0 -1 -1 * * 5085280678.750 2.051000207 0 RR 0
5085280858.750 -1.80542e-05 0 82 0 -1 -1 * * 5085280858.750 2.051000173 0 RR 0
5085281038.750 -3.4691e-05 0 83 0 -1 -1 * * 5085281038.750 2.051000140 0 RR 0
5085281218.750 -6.50149e-05 0 84 0 -1 -1 * * 5085281218.750 2.051000106 0 RR 0
5085281398.750 6.66874e-05 0 85 0 -1 -1 * * 5085281398.750 2.051000072 0 RR 0
5085281578.750 0.000102486 0 86 0 -1 -1 * * 5085281578.750 2.051000038 0 RR 0
5085281758.750 -1.24533e-05 0 87 0 -1 -1 * * 5085281758.750 2.051000004 0 RR 0
5085281937.500 -4.82336e-05 0 88 0 -1 -1 * * 5085281937.500 2.050999970 0 RR 0
5085282113.750 1.05606e-05 0 89 0 -1 -1 * * 5085282113.750 2.050999937 0 RR 0
5085282293.750 6.64804e-06 0 90 0 -1 -1 * * 5085282293.750 2.050999903 0 RR 0
5085282472.500 -4.51141e-05 0 91 0 -1 -1 * * 5085282472.500 2.050999870 0 RR 0
5085282692.500 -3.89801e-05 0 93 0 -1 -1 * * 5085282692.500 2.050999828 0 RR 0
5085282838.750 -5.5942e-05 0 94 0 -1 -1 * * 5085282838.750 2.050999801 0 RR 0
5085283018.750 -2.86053e-06 0 95 0 -1 -1 * * 5085283018.750 2.050999767 0 RR 0
5085283198.750 1.9758e-05 0 96 0 -1 -1 * * 5085283198.750 2.050999733 0 RR 0
5085283378.750 7.26824e-05 0 97 0 -1 -1 * * 5085283378.750 2.050999700 0 RR 0
5085283558.750 -5.10695e-05 0 98 0 -1 -1 * * 5085283558.750 2.050999666 0 RR 0
5085283737.500 -1.78594e-06 0 99 0 -1 -1 * * 5085283737.500 2.050999633 0 RR 0
5085283913.750 7.47916e-06 0 100 0 -1 -1 * * 5085283913.750 2.050999600 0 RR 0
5085284093.750 -1.11795e-05 0 101 0 -1 -1 * * 5085284093.750 2.050999566 0 RR 0
5085284273.750 4.61405e-05 0 102 0 -1 -1 * * 5085284273.750 2.050999533 0 RR 0
5085284453.750 -7.61524e-05 0 103 0 -1 -1 * * 5085284453.750 2.050999500 0 RR 0
5085284633.750 -2.69941e-05 0 104 0 -1 -1 * * 5085284633.750 2.050999466 0 RR 0
5085284813.750 2.55364e-06 0 105 0 -1 -1 * * 5085284813.750 2.050999433 0 RR 0
5085284993.750 -3.03776e-05 0 106 0 -1 -1 * * 5085284993.750 2.050999400 0 RR 0
5085285173.750 -1.8963e-05 0 107 0 -1 -1 * * 5085285173.750 2.050999367 0 RR 0
5085285353.750 2.97762e-05 0 108 0 -1 -1 * * 5085285353.750 2.050999334 0 RR 0
5085285532.500 -4.9137e-05 0 109 0 -1 -1 * * 5085285532.500 2.050999302 0 RR 0
5085285708.750 2.87751e-06 0 110 0 -1 -1 * * 5085285708.750 2.050999270 0 RR 0
5085285888.750 -3.03059e-05 0 111 0 -1 -1 * * 5085285888.750 2.050999238 0 RR 0
5085286068.750 -1.27978e-05 0 112 0 -1 -1 * * 5085286068.750 2.050999205 0 RR 0
5085286247.500 -4.16689e-05 0 113 0 -1 -1 * * 5085286247.500 2.050999173 0 RR 0
5085286467.500 -6.50614e-05 0 115 0 -1 -1 * * 5085286467.500 2.050999134 0 RR 0
5085286613.750 4.68089e-05 0 116 0 -1 -1 * * 5085286613.750 2.050999108 0 RR 0
5085286793.750 3.05707e-05 0 117 0 -1 -1 * * 5085286793.750 2.050999077 0 RR 0
5085286973.750 3.36233e-05 0 118 0 -1 -1 * * 5085286973.750 2.050999045 0 RR 0
5085287153.750 1.55147e-05 0 119 0 -1 -1 * * 5085287153.750 2.050999014 0 RR 0
5085287332.500 6.69544e-05 0 120 0 -1 -1 * * 5085287332.500 2.050998982 0 RR 0
5085287508.750 3.66937e-06 0 121 0 -1 -1 * * 5085287508.750 2.050998952 0 RR 0
5085287688.750 8.60164e-05 0 122 0 -1 -1 * * 5085287688.750 2.050998921 0 RR 0
5085287868.750 1.79529e-05 0 123 0 -1 -1 * * 5085287868.750 2.050998890 0 RR 0
5085288048.750 -1.1084e-06 0 124 0 -1 -1 * * 5085288048.750 2.050998860 0 RR 0
5085288228.750 -5.68571e-05 0 125 0 -1 -1 * * 5085288228.750 2.050998830 0 RR 0
5085288408.750 -3.03495e-05 0 126 0 -1 -1 * * 5085288408.750 2.050998799 0 RR 0
5085288588.750 -3.54944e-05 0 127 0 -1 -1 * * 5085288588.750 2.050998770 0 RR 0
5085288768.750 4.19432e-06 0 128 0 -1 -1 * * 5085288768.750 2.050998740 0 RR 0
5085288948.750 -3.61251e-05 0 129 0 -1 -1 * * 5085288948.750 2.050998710 0 RR 0
5085289127.500 -2.37122e-05 0 130 0 -1 -1 * * 5085289127.500 2.050998681 0 RR 0
5085289303.750 4.39365e-05 0 131 0 -1 -1 * * 5085289303.750 2.050998653 0 RR 0
5085289483.750 -1.90275e-06 0 132 0 -1 -1 * * 5085289483.750 2.050998624 0 RR 0
5085289663.750 9.61318e-05 0 133 0 -1 -1 * * 5085289663.750 2.050998595 0 RR 0
5085289843.750 5.47516e-05 0 134 0 -1 -1 * * 5085289843.750 2.050998567 0 RR 0
5085290023.750 -2.49501e-05 0 135 0 -1 -1 * * 5085290023.750 2.050998539 0 RR 0
5085355552.500 -5.5127e-05 0 136 0 -1 -1 * * 5085355552.500 2.051002029 0 RR 1
5085355698.750 5.27493e-05 0 137 0 -1 -1 * * 5085355698.750 2.051002012 0 RR 1
5085355878.750 -1.26075e-05 0 138 0 -1 -1 * * 5085355878.750 2.051001991 0 RR 1
5085356058.750 4.5199e-06 0 139 0 -1 -1 * * 5085356058.750 2.051001969 0 RR 1
5085356238.750 -1.47895e-06 0 140 0 -1 -1 * * 5085356238.750 2.051001947 0 RR 1
5085356418.750 -4.63889e-06 0 141 0 -1 -1 * * 5085356418.750 2.051001924 0 RR 1
5085356598.750 1.49855e-05 0 142 0 -1 -1 * * 5085356598.750 2.051001902 0 RR 1
5085356778.750 -5.16496e-06 0 143 0 -1 -1 * * 5085356778.750 2.051001878 0 RR 1
5085356953.750 -6.71244e-07 0 144 0 -1 -1 * * 5085356953.750 2.051001856 0 RR 1
5085357133.750 -7.64292e-05 0 145 0 -1 -1 * * 5085357133.750 2.051001832 0 RR 1
5085357313.750 2.03862e-05 0 146 0 -1 -1 * * 5085357313.750 2.051001808 0 RR 1
5085357493.750 4.04349e-05 0 147 0 -1 -1 * * 5085357493.750 2.051001784 0 RR 1
5085357673.750 6.91673e-06 0 148 0 -1 -1 * * 5085357673.750 2.051001759 0 RR 1
5085357853.750 8.93277e-05 0 149 0 -1 -1 * * 5085357853.750 2.051001734 0 RR 1
5085358033.750 -5.06072e-05 0 150 0 -1 -1 * * 5085358033.750 2.051001709 0 RR 1
5085358213.750 1.16638e-05 0 151 0 -1 -1 * * 5085358213.750 2.051001683 0 RR 1
5085358393.750 -3.9675e-05 0 152 0 -1 -1 * * 5085358393.750 2.051001657 0 RR 1
5085358573.750 4.81331e-07 0 153 0 -1 -1 * * 5085358573.750 2.051001631 0 RR 1
5085358752.500 2.3917e-05 0 154 0 -1 -1 * * 5085358752.500 2.051001605 0 RR 1
5085358928.750 -1.80047e-05 0 155 0 -1 -1 * * 5085358928.750 2.051001579 0 RR 1
5085359108.750 3.27084e-05 0 156 0 -1 -1 * * 5085359108.750 2.051001552 0 RR 1
5085359327.500 -4.35318e-06 0 158 0 -1 -1 * * 5085359327.500 2.051001518 0 RR 1
5085359473.750 1.4387e-05 0 159 0 -1 -1 * * 5085359473.750 2.051001496 0 RR 1
5085359653.750 -1.20716e-05 0 160 0 -1 -1 * * 5085359653.750 2.051001468 0 RR 1
5085359833.750 1.99107e-05 0 161 0 -1 -1 * * 5085359833.750 2.051001440 0 RR 1
5085360013.750 2.07371e-06 0 162 0 -1 -1 * * 5085360013.750 2.051001412 0 RR 1
5085360193.750 3.54795e-06 0 163 0 -1 -1 * * 5085360193.750 2.051001384 0 RR 1
5085360373.750 -7.89792e-06 0 164 0 -1 -1 * * 5085360373.750 2.051001355 0 RR 1
5085360552.500 2.67786e-05 0 165 0 -1 -1 * * 5085360552.500 2.051001326 0 RR 1
5085360728.750 -4.53749e-05 0 166 0 -1 -1 * * 5085360728.750 2.051001297 0 RR 1
5085360908.750 -2.04597e-05 0 167 0 -1 -1 * * 5085360908.750 2.051001268 0 RR 1
5085361088.750 4.58103e-06 0 168 0 -1 -1 * * 5085361088.750 2.051001238 0 RR 1
5085361268.750 -6.12888e-05 0 169 0 -1 -1 * * 5085361268.750 2.051001208 0 RR 1
5085361448.750 3.08427e-06 0 170 0 -1 -1 * * 5085361448.750 2.051001178 0 RR 1
5085361628.750 -3.98335e-05 0 171 0 -1 -1 * * 5085361628.750 2.051001148 0 RR 1
5085361808.750 -7.10074e-06 0 172 0 -1 -1 * * 5085361808.750 2.051001118 0 RR 1
5085361988.750 5.22368e-05 0 173 0 -1 -1 * * 5085361988.750 2.051001087 0 RR 1
5085362168.750 -3.08544e-05 0 174 0 -1 -1 * * 5085362168.750 2.051001056 0 RR 1
5085362347.500 -1.31226e-05 0 175 0 -1 -1 * * 5085362347.500 2.051001025 0 RR 1
5085362523.750 2.53511e-06 0 176 0 -1 -1 * * 5085362523.750 2.051000995 0 RR 1
5085362703.750 5.45102e-05 0 177 0 -1 -1 * * 5085362703.750 2.051000963 0 RR 1
5085362882.500 5.45622e-05 0 178 0 -1 -1 * * 5085362882.500 2.051000932 0 RR 1
5085363102.500 -6.28635e-05 0 180 0 -1 -1 * * 5085363102.500 2.051000893 0 RR 1
5085363248.750 -7.50346e-05 0 181 0 -1 -1 * * 5085363248.750 2.051000867 0 RR 1
5085363428.750 -2.21867e-05 0 182 0 -1 -1 * * 5085363428.750 2.051000835 0 RR 1
5085363608.750 1.35668e-05 0 183 0 -1 -1 * * 5085363608.750 2.051000803 0 RR 1
5085363788.750 -1.18102e-05 0 184 0 -1 -1 * * 5085363788.750 2.051000771 0 RR 1
5085363968.750 5.23374e-05 0 185 0 -1 -1 * * 5085363968.750 2.051000738 0 RR 1
5085364147.500 -3.19781e-05 0 186 0 -1 -1 * * 5085364147.500 2.051000706 0 RR 1
5085364323.750 -5.67167e-05 0 187 0 -1 -1 * * 5085364323.750 2.051000674 0 RR 1
5085364503.750 1.86688e-05 0 188 0 -1 -1 * * 5085364503.750 2.051000641 0 RR 1
5085364683.750 1.73696e-05 0 189 0 -1 -1 * * 5085364683.750 2.051000608 0 RR 1
5085364863.750 -4.57499e-05 0 190 0 -1 -1 * * 5085364863.750 2.051000575 0 RR 1
5085365043.750 -2.86521e-05 0 191 0 -1 -1 * * 5085365043.750 2.051000542 0 RR 1
5085365223.750 1.13281e-05 0 192 0 -1 -1 * * 5085365223.750 2.051000509 0 RR 1
5085365403.750 3.85213e-05 0 193 0 -1 -1 * * 5085365403.750 2.051000476 0 RR 1
5085365583.750 3.02026e-05 0 194 0 -1 -1 * * 5085365583.750 2.051000443 0 RR 1
5085365763.750 3.07067e-05 0 195 0 -1 -1 * * 5085365763.750 2.051000409 0 RR 1
5085365942.500 1.09025e-05 0 196 0 -1 -1 * * 5085365942.500 2.051000376 0 RR 1
5085366118.750 3.27564e-06 0 197 0 -1 -1 * * 5085366118.750 2.051000343 0 RR 1
5085366298.750 9.03589e-05 0 198 0 -1 -1 * * 5085366298.750 2.051000309 0 RR 1
5085366478.750 3.90836e-05 0 199 0 -1 -1 * * 5085366478.750 2.051000276 0 RR 1
5085366657.500 -4.99685e-05 0 200 0 -1 -1 * * 5085366657.500 2.051000242 0 RR 1
5085366877.500 -6.3046e-05 0 202 0 -1 -1 * * 5085366877.500 2.051000201 0 RR 1
5085367023.750 -5.13666e-05 0 203 0 -1 -1 * * 5085367023.750 2.051000173 0 RR 1
5085367203.750 2.5612e-06 0 204 0 -1 -1 * * 5085367203.750 2.051000139 0 RR 1
5085367383.750 -2.02884e-05 0 205 0 -1 -1 * * 5085367383.750 2.051000106 0 RR 1
5085367563.750 1.33679e-05 0 206 0 -1 -1 * * 5085367563.750 2.051000072 0 RR 1
5085367743.750 -9.29837e-06 0 207 0 -1 -1 * * 5085367743.750 2.051000038 0 RR 1
5085367918.750 -1.33475e-05 0 208 0 -1 -1 * * 5085367918.750 2.051000005 0 RR 1
5085368098.750 8.96862e-05 0 209 0 -1 -1 * * 5085368098.750 2.050999971 0 RR 1
5085368278.750 6.44024e-05 0 210 0 -1 -1 * * 5085368278.750 2.050999937 0 RR 1
5085368458.750 1.01002e-05 0 211 0 -1 -1 * * 5085368458.750 2.050999903 0 RR 1
5085368638.750 -3.78507e-05 0 212 0 -1 -1 * * 5085368638.750 2.050999869 0 RR 1
5085368818.750 5.2457e-05 0 213 0 -1 -1 * * 5085368818.750 2.050999835 0 RR 1
5085368998.750 7.32368e-05 0 214 0 -1 -1 * * 5085368998.750 2.050999802 0 RR 1
5085369178.750 -1.10301e-06 0 215 0 -1 -1 * * 5085369178.750 2.050999768 0 RR 1
5085369358.750 3.36453e-07 0 216 0 -1 -1 * * 5085369358.750 2.050999734 0 RR 1
5085369538.750 5.12729e-05 0 217 0 -1 -1 * * 5085369538.750 2.050999700 0 RR 1
5085369717.500 6.39339e-05 0 218 0 -1 -1 * * 5085369717.500 2.050999667 0 RR 1
5085369893.750 5.20176e-05 0 219 0 -1 -1 * * 5085369893.750 2.050999634 0 RR 1
5085370073.750 -3.78802e-06 0 220 0 -1 -1 * * 5085370073.750 2.050999601 0 RR 1
5085370253.750 1.74349e-05 0 221 0 -1 -1 * * 5085370253.750 2.050999567 0 RR 1
5085370432.500 4.44522e-05 0 222 0 -1 -1 * * 5085370432.500 2.050999534 0 RR 1
5085370652.500 -2.28429e-05 0 224 0 -1 -1 * * 5085370652.500 2.050999493 0 RR 1
5085370798.750 -8.17918e-05 0 225 0 -1 -1 * * 5085370798.750 2.050999466 0 RR 1
5085370978.750 1.72855e-06 0 226 0 -1 -1 * * 5085370978.750 2.050999433 0 RR 1
5085371158.750 -4.07808e-05 0 227 0 -1 -1 * * 5085371158.750 2.050999400 0 RR 1
5085371338.750 2.63562e-06 0 228 0 -1 -1 * * 5085371338.750 2.050999367 0 RR 1
5085371517.500 5.03242e-05 0 229 0 -1 -1 * * 5085371517.500 2.050999335 0 RR 1
5085371693.750 -3.48221e-05 0 230 0 -1 -1 * * 5085371693.750 2.050999303 0 RR 1
5085371873.750 4.39938e-05 0 231 0 -1 -1 * * 5085371873.750 2.050999270 0 RR 1
5085372053.750 2.52489e-05 0 232 0 -1 -1 * * 5085372053.750 2.050999237 0 RR 1
5085372233.750 -1.17229e-05 0 233 0 -1 -1 * * 5085372233.750 2.050999205 0 RR 1
5085372413.750 -2.38802e-05 0 234 0 -1 -1 * * 5085372413.750 2.050999173 0 RR 1
5085372593.750 4.51723e-05 0 235 0 -1 -1 * * 5085372593.750 2.050999141 0 RR 1
5085372773.750 7.25098e-05 0 236 0 -1 -1 * * 5085372773.750 2.050999109 0 RR 1
5085372953.750 -3.25089e-06 0 237 0 -1 -1 * * 5085372953.750 2.050999077 0 RR 1
5085373133.750 5.93682e-05 0 238 0 -1 -1 * * 5085373133.750 2.050999046 0 RR 1
5085373312.500 1.05077e-05 0 239 0 -1 -1 * * 5085373312.500 2.050999014 0 RR 1
5085373488.750 -4.83592e-06 0 240 0 -1 -1 * * 5085373488.750 2.050998984 0 RR 1
5085373668.750 2.42395e-05 0 241 0 -1 -1 * * 5085373668.750 2.050998953 0 RR 1
5085373848.750 -0.000100384 0 242 0 -1 -1 * * 5085373848.750 2.050998922 0 RR 1
5085374028.750 8.93401e-05 0 243 0 -1 -1 * * 5085374028.750 2.050998891 0 RR 1
5085374207.500 5.18433e-05 0 244 0 -1 -1 * * 5085374207.500 2.050998861 0 RR 1
5085374427.500 2.91147e-05 0 246 0 -1 -1 * * 5085374427.500 2.050998824 0 RR 1
5085374573.750 -7.18662e-05 0 247 0 -1 -1 * * 5085374573.750 2.050998799 0 RR 1
5085374753.750 1.50349e-05 0 248 0 -1 -1 * * 5085374753.750 2.050998769 0 RR 1
5085374933.750 -4.97155e-05 0 249 0 -1 -1 * * 5085374933.750 2.050998740 0 RR 1
5085375112.500 -1.39651e-05 0 250 0 -1 -1 * * 5085375112.500 2.050998710 0 RR 1
5085375288.750 4.48855e-05 0 251 0 -1 -1 * * 5085375288.750 2.050998682 0 RR 1
5085375468.750 4.61453e-05 0 252 0 -1 -1 * * 5085375468.750 2.050998653 0 RR 1
5085375648.750 -0.000100771 0 253 0 -1 -1 * * 5085375648.750 2.050998624 0 RR 1
5085375828.750 4.72705e-05 0 254 0 -1 -1 * * 5085375828.750 2.050998595 0 RR 1
5085376008.750 -3.27259e-07 0 255 0 -1 -1 * * 5085376008.750 2.050998567 0 RR 1
5085376188.750 -6.69474e-05 0 256 0 -1 -1 * * 5085376188.750 2.050998539 0 RR 1
5085376368.750 1.93457e-05 0 257 0 -1 -1 * * 5085376368.750 2.050998511 0 RR 1
5085376548.750 -7.78756e-06 0 258 0 -1 -1 * * 5085376548.750 2.050998483 0 RR 1
5085376728.750 -5.33757e-05 0 259 0 -1 -1 * * 5085376728.750 2.050998456 0 RR 1
5085376907.500 -2.35004e-05 0 260 0 -1 -1 * * 5085376907.500 2.050998429 0 RR 1
5085377083.750 4.53212e-05 0 261 0 -1 -1 * * 5085377083.750 2.050998403 0 RR 1
5085377263.750 -7.62404e-05 0 262 0 -1 -1 * * 5085377263.750 2.050998377 0 RR 1
5085377443.750 8.15422e-06 0 263 0 -1 -1 * * 5085377443.750 2.050998350 0 RR 1
5085377623.750 2.21281e-05 0 264 0 -1 -1 * * 5085377623.750 2.050998324 0 RR 1
5085377803.750 3.80366e-05 0 265 0 -1 -1 * * 5085377803.750 2.050998299 0 RR 1
5085377983.750 -2.42451e-06 0 266 0 -1 -1 * * 5085377983.750 2.050998273 0 RR 1
5085443512.500 0.000110356 0 267 0 -1 -1 * * 5085443512.500 2.051001803 0 RR 2
5085443658.750 -2.32915e-05 0 268 0 -1 -1 * * 5085443658.750 2.051001783 0 RR 2
5085443838.750 3.20935e-05 0 269 0 -1 -1 * * 5085443838.750 2.051001759 0 RR 2
5085444018.750 -3.6689e-05 0 270 0 -1 -1 * * 5085444018.750 2.051001734 0 RR 2
5085444198.750 2.39531e-05 0 271 0 -1 -1 * * 5085444198.750 2.051001708 0 RR 2
5085444377.500 2.47439e-05 0 272 0 -1 -1 * * 5085444377.500 2.051001683 0 RR 2
5085444553.750 -3.98824e-05 0 273 0 -1 -1 * * 5085444553.750 2.051001658 0 RR 2
5085444733.750 9.58129e-06 0 274 0 -1 -1 * * 5085444733.750 2.051001632 0 RR 2
5085444913.750 -2.43666e-05 0 275 0 -1 -1 * * 5085444913.750 2.051001605 0 RR 2
5085445093.750 1.01056e-05 0 276 0 -1 -1 * * 5085445093.750 2.051001578 0 RR 2
5085445273.750 -7.42491e-06 0 277 0 -1 -1 * * 5085445273.750 2.051001551 0 RR 2
5085445453.750 1.9672e-05 0 278 0 -1 -1 * * 5085445453.750 2.051001524 0 RR 2
5085445633.750 -1.75326e-05 0 279 0 -1 -1 * * 5085445633.750 2.051001497 0 RR 2
5085445813.750 2.15703e-06 0 280 0 -1 -1 * * 5085445813.750 2.051001469 0 RR 2
5085445993.750 1.66303e-05 0 281 0 -1 -1 * * 5085445993.750 2.051001441 0 RR 2
5085446173.750 -0.000120705 0 282 0 -1 -1 * * 5085446173.750 2.051001413 0 RR 2
5085446348.750 -7.89719e-05 0 283 0 -1 -1 * * 5085446348.750 2.051001385 0 RR 2
5085446528.750 6.63467e-05 0 284 0 -1 -1 * * 5085446528.750 2.051001356 0 RR 2
5085446708.750 -1.19396e-05 0 285 0 -1 -1 * * 5085446708.750 2.051001327 0 RR 2
5085446888.750 -3.98898e-05 0 286 0 -1 -1 * * 5085446888.750 2.051001298 0 RR 2
5085447067.500 -1.47576e-05 0 287 0 -1 -1 * * 5085447067.500 2.051001269 0 RR 2
5085447287.500 2.25042e-05 0 289 0 -1 -1 * * 5085447287.500 2.051001233 0 RR 2
5085447433.750 -4.21261e-05 0 290 0 -1 -1 * * 5085447433.750 2.051001208 0 RR 2
5085447613.750 -1.37111e-05 0 291 0 -1 -1 * * 5085447613.750 2.051001178 0 RR 2
5085447793.750 4.31858e-05 0 292 0 -1 -1 * * 5085447793.750 2.051001148 0 RR 2
5085447973.750 -2.16517e-05 0 293 0 -1 -1 * * 5085447973.750 2.051001117 0 RR 2
5085448152.500 3.74138e-05 0 294 0 -1 -1 * * 5085448152.500 2.051001087 0 RR 2
5085448328.750 2.88582e-05 0 295 0 -1 -1 * * 5085448328.750 2.051001057 0 RR 2
5085448508.750 4.65067e-05 0 296 0 -1 -1 * * 5085448508.750 2.051001026 0 RR 2
5085448688.750 2.41474e-06 0 297 0 -1 -1 * * 5085448688.750 2.051000995 0 RR 2
5085448868.750 2.13642e-05 0 298 0 -1 -1 * * 5085448868.750 2.051000963 0 RR 2
5085449048.750 1.21911e-05 0 299 0 -1 -1 * * 5085449048.750 2.051000932 0 RR 2
5085449228.750 -3.83733e-05 0 300 0 -1 -1 * * 5085449228.750 2.051000900 0 RR 2
5085449408.750 3.23359e-05 0 301 0 -1 -1 * * 5085449408.750 2.051000868 0 RR 2
5085449588.750 1.26642e-05 0 302 0 -1 -1 * * 5085449588.750 2.051000836 0 RR 2
5085449768.750 -3.62496e-05 0 303 0 -1 -1 * * 5085449768.750 2.051000804 0 RR 2
5085449947.500 -1.52069e-05 0 304 0 -1 -1 * * 5085449947.500 2.051000772 0 RR 2
5085450123.750 4.04615e-05 0 305 0 -1 -1 * * 5085450123.750 2.051000740 0 RR 2
5085450303.750 4.95185e-05 0 306 0 -1 -1 * * 5085450303.750 2.051000708 0 RR 2
5085450483.750 -3.71409e-05 0 307 0 -1 -1 * * 5085450483.750 2.051000675 0 RR 2
5085450663.750 -1.35418e-05 0 308 0 -1 -1 * * 5085450663.750 2.051000642 0 RR 2
5085450842.500 3.57861e-05 0 309 0 -1 -1 * * 5085450842.500 2.051000609 0 RR 2
5085451062.500 -5.77233e-05 0 311 0 -1 -1 * * 5085451062.500 2.051000569 0 RR 2
5085451208.750 6.44402e-05 0 312 0 -1 -1 * * 5085451208.750 2.051000542 0 RR 2
5085451388.750 -6.65715e-05 0 313 0 -1 -1 * * 5085451388.750 2.051000509 0 RR 2
5085451568.750 6.94172e-05 0 314 0 -1 -1 * * 5085451568.750 2.051000476 0 RR 2
5085451747.500 -8.29335e-06 0 315 0 -1 -1 * * 5085451747.500 2.051000443 0 RR 2
5085451923.750 1.85074e-05 0 316 0 -1 -1 * * 5085451923.750 2.051000410 0 RR 2
5085452103.750 7.40556e-06 0 317 0 -1 -1 * * 5085452103.750 2.051000376 0 RR 2
5085452283.750 4.2618e-05 0 318 0 -1 -1 * * 5085452283.750 2.051000343 0 RR 2
5085452463.750 1.60489e-05 0 319 0 -1 -1 * * 5085452463.750 2.051000309 0 RR 2
5085452643.750 -4.70085e-05 0 320 0 -1 -1 * * 5085452643.750 2.051000275 0 RR 2
5085452823.750 4.07517e-05 0 321 0 -1 -1 * * 5085452823.750 2.051000242 0 RR 2
5085453003.750 -4.13608e-05 0 322 0 -1 -1 * * 5085453003.750 2.051000208 0 RR 2
5085453183.750 -3.00538e-05 0 323 0 -1 -1 * * 5085453183.750 2.051000174 0 RR 2
5085453363.750 -1.88275e-06 0 324 0 -1 -1 * * 5085453363.750 2.051000140 0 RR 2
5085453542.500 -2.25183e-05 0 325 0 -1 -1 * * 5085453542.500 2.051000107 0 RR 2
5085453718.750 -3.61503e-05 0 326 0 -1 -1 * * 5085453718.750 2.051000073 0 RR 2
5085453898.750 2.22578e-05 0 327 0 -1 -1 * * 5085453898.750 2.051000040 0 RR 2
5085454078.750 -1.06085e-05 0 328 0 -1 -1 * * 5085454078.750 2.051000006 0 RR 2
5085454258.750 -1.0396e-07 0 329 0 -1 -1 * * 5085454258.750 2.050999972 0 RR 2
5085454438.750 9.62639e-06 0 330 0 -1 -1 * * 5085454438.750 2.050999938 0 RR 2
5085454617.500 -2.72099e-05 0 331 0 -1 -1 * * 5085454617.500 2.050999904 0 RR 2
5085454837.500 1.75757e-05 0 333 0 -1 -1 * * 5085454837.500 2.050999863 0 RR 2
5085454983.750 2.55362e-05 0 334 0 -1 -1 * * 5085454983.750 2.050999835 0 RR 2
5085455163.750 6.85266e-05 0 335 0 -1 -1 * * 5085455163.750 2.050999801 0 RR 2
5085455342.500 -1.01094e-05 0 336 0 -1 -1 * * 5085455342.500 2.050999768 0 RR 2
5085455518.750 1.71709e-05 0 337 0 -1 -1 * * 5085455518.750 2.050999735 0 RR 2
5085455698.750 -2.86101e-06 0 338 0 -1 -1 * * 5085455698.750 2.050999701 0 RR 2
5085455878.750 5.35376e-05 0 339 0 -1 -1 * * 5085455878.750 2.050999667 0 RR 2
5085456058.750 -2.76457e-05 0 340 0 -1 -1 * * 5085456058.750 2.050999634 0 RR 2
5085456238.750 -5.7623e-05 0 341 0 -1 -1 * * 5085456238.750 2.050999600 0 RR 2
5085456418.750 9.13016e-05 0 342 0 -1 -1 * * 5085456418.750 2.050999567 0 RR 2
5085456598.750 -2.4257e-05 0 343 0 -1 -1 * * 5085456598.750 2.050999534 0 RR 2
5085456778.750 3.58128e-05 0 344 0 -1 -1 * * 5085456778.750 2.050999500 0 RR 2
5085456958.750 -4.37044e-05 0 345 0 -1 -1 * * 5085456958.750 2.050999467 0 RR 2
5085457137.500 4.31713e-06 0 346 0 -1 -1 * * 5085457137.500 2.050999434 0 RR 2
5085457313.750 -0.000118195 0 347 0 -1 -1 * * 5085457313.750 2.050999402 0 RR 2
5085457493.750 1.855e-05 0 348 0 -1 -1 * * 5085457493.750 2.050999369 0 RR 2
5085457673.750 -2.18097e-05 0 349 0 -1 -1 * * 5085457673.750 2.050999336 0 RR 2
5085457853.750 -4.04639e-06 0 350 0 -1 -1 * * 5085457853.750 2.050999303 0 RR 2
5085458033.750 -2.62979e-05 0 351 0 -1 -1 * * 5085458033.750 2.050999271 0 RR 2
5085458213.750 8.98247e-06 0 352 0 -1 -1 * * 5085458213.750 2.050999238 0 RR 2
5085458392.500 9.85398e-06 0 353 0 -1 -1 * * 5085458392.500 2.050999206 0 RR 2
5085458612.500 0.000111071 0 355 0 -1 -1 * * 5085458612.500 2.050999167 0 RR 2
5085458758.750 1.06817e-05 0 356 0 -1 -1 * * 5085458758.750 2.050999141 0 RR 2
5085458938.750 -0.000112631 0 357 0 -1 -1 * * 5085458938.750 2.050999109 0 RR 2
5085459117.500 -2.53689e-05 0 358 0 -1 -1 * * 5085459117.500 2.050999077 0 RR 2
5085459293.750 -2.81282e-05 0 359 0 -1 -1 * * 5085459293.750 2.050999046 0 RR 2
5085459473.750 1.41494e-05 0 360 0 -1 -1 * * 5085459473.750 2.050999015 0 RR 2
5085459653.750 -1.24181e-05 0 361 0 -1 -1 * * 5085459653.750 2.050998984 0 RR 2
5085459833.750 2.47404e-05 0 362 0 -1 -1 * * 5085459833.750 2.050998953 0 RR 2
5085460013.750 -4.68764e-05 0 363 0 -1 -1 * * 5085460013.750 2.050998922 0 RR 2
5085460193.750 -4.5671e-05 0 364 0 -1 -1 * * 5085460193.750 2.050998891 0 RR 2
5085460373.750 -4.2499e-05 0 365 0 -1 -1 * * 5085460373.750 2.050998860 0 RR 2
5085460553.750 -0.000140979 0 366 0 -1 -1 * * 5085460553.750 2.050998830 0 RR 2
5085460733.750 -0.000108517 0 367 0 -1 -1 * * 5085460733.750 2.050998800 0 RR 2
5085460912.500 -2.19428e-06 0 368 0 -1 -1 * * 5085460912.500 2.050998770 0 RR 2
5085461088.750 -4.3641e-05 0 369 0 -1 -1 * * 5085461088.750 2.050998741 0 RR 2
5085461268.750 -5.64071e-07 0 370 0 -1 -1 * * 5085461268.750 2.050998712 0 RR 2
5085461448.750 9.87062e-06 0 371 0 -1 -1 * * 5085461448.750 2.050998682 0 RR 2
5085461628.750 1.63411e-05 0 372 0 -1 -1 * * 5085461628.750 2.050998653 0 RR 2
5085461808.750 2.67382e-05 0 373 0 -1 -1 * * 5085461808.750 2.050998625 0 RR 2
5085461988.750 1.19309e-05 0 374 0 -1 -1 * * 5085461988.750 2.050998596 0 RR 2
5085462168.750 -0.000107853 0 375 0 -1 -1 * * 5085462168.750 2.050998568 0 RR 2
5085462387.500 2.77717e-05 0 377 0 -1 -1 * * 5085462387.500 2.050998534 0 RR 2
5085462533.750 -3.95682e-06 0 378 0 -1 -1 * * 5085462533.750 2.050998511 0 RR 2
5085462712.500 -3.0127e-05 0 379 0 -1 -1 * * 5085462712.500 2.050998484 0 RR 2
5085462888.750 4.44602e-07 0 380 0 -1 -1 * * 5085462888.750 2.050998457 0 RR 2
5085463068.750 -3.22732e-05 0 381 0 -1 -1 * * 5085463068.750 2.050998430 0 RR 2
5085463248.750 -3.98024e-05 0 382 0 -1 -1 * * 5085463248.750 2.050998403 0 RR 2
5085463428.750 -4.82303e-05 0 383 0 -1 -1 * * 5085463428.750 2.050998376 0 RR 2
5085463608.750 -5.06064e-05 0 384 0 -1 -1 * * 5085463608.750 2.050998350 0 RR 2
5085463788.750 6.60884e-05 0 385 0 -1 -1 * * 5085463788.750 2.050998324 0 RR 2
5085463968.750 -8.88085e-06 0 386 0 -1 -1 * * 5085463968.750 2.050998299 0 RR 2
5085464148.750 -7.3208e-05 0 387 0 -1 -1 * * 5085464148.750 2.050998273 0 RR 2
5085464328.750 -9.00244e-05 0 388 0 -1 -1 * * 5085464328.750 2.050998248 0 RR 2
5085464507.500 2.7654e-05 0 389 0 -1 -1 * * 5085464507.500 2.050998224 0 RR 2
5085464683.750 -7.2108e-05 0 390 0 -1 -1 * * 5085464683.750 2.050998200 0 RR 2
5085464863.750 -5.35524e-05 0 391 0 -1 -1 * * 5085464863.750 2.050998175 0 RR 2
5085465043.750 5.1804e-05 0 392 0 -1 -1 * * 5085465043.750 2.050998152 0 RR 2
5085465223.750 -2.75058e-05 0 393 0 -1 -1 * * 5085465223.750 2.050998128 0 RR 2
5085465403.750 -2.34205e-05 0 394 0 -1 -1 * * 5085465403.750 2.050998105 0 RR 2
5085465583.750 -2.78946e-05 0 395 0 -1 -1 * * 5085465583.750 2.050998082 0 RR 2
5085465763.750 7.14709e-05 0 396 0 -1 -1 * * 5085465763.750 2.050998059 0 RR 2
5085465943.750 1.92423e-05 0 397 0 -1 -1 * * 5085465943.750 2.050998037 0 RR 2
