# vis: TOI732_small.ms
# scan: 5~125
# correlation: RR
# channel average: 2048
# time average: 1e+08s
# baseline average: True
# spw average: True
# From plot 0
# x y chan scan field ant1 ant2 ant1name ant2name time freq spw corr obs
# Time Real None None None None None None None MJD(seconds) GHz None None None
5085267592.500 4.99674e-05 0 5 0 -1 -1 * * 5085267592.500 2.051002221 0 RR 0
5085267738.750 2.71089e-05 0 6 0 -1 -1 * * 5085267738.750 2.051002206 0 RR 0
5085267918.750 -8.56184e-06 0 7 0 -1 -1 * * 5085267918.750 2.051002189 0 RR 0
5085268098.750 7.08073e-05 0 8 0 -1 -1 * * 5085268098.750 2.051002170 0 RR 0
5085268278.750 -2.88174e-05 0 9 0 -1 -1 * * 5085268278.750 2.051002152 0 RR 0
5085268458.750 -6.29997e-06 0 10 0 -1 -1 * * 5085268458.750 2.051002133 0 RR 0
5085268638.750 -4.48616e-06 0 11 0 -1 -1 * * 5085268638.750 2.051002114 0 RR 0
5085268818.750 2.18334e-05 0 12 0 -1 -1 * * 5085268818.750 2.051002094 0 RR 0
5085268998.750 2.19321e-05 0 13 0 -1 -1 * * 5085268998.750 2.051002074 0 RR 0
5085269177.500 5.30345e-05 0 14 0 -1 -1 * * 5085269177.500 2.051002054 0 RR 0
5085269353.750 9.11977e-05 0 15 0 -1 -1 * * 5085269353.750 2.051002033 0 RR 0
5085269533.750 -3.36881e-05 0 16 0 -1 -1 * * 5085269533.750 2.051002012 0 RR 0
5085269713.750 2.77246e-05 0 17 0 -1 -1 * * 5085269713.750 2.051001991 0 RR 0
5085269893.750 -2.79006e-05 0 18 0 -1 -1 * * 5085269893.750 2.051001969 0 RR 0
5085270073.750 -8.72454e-06 0 19 0 -1 -1 * * 5085270073.750 2.051001947 0 RR 0
5085270253.750 -6.39111e-05 0 20 0 -1 -1 * * 5085270253.750 2.051001925 0 RR 0
5085270433.750 -3.76973e-05 0 21 0 -1 -1 * * 5085270433.750 2.051001902 0 RR 0
5085270613.750 -3.68271e-05 0 22 0 -1 -1 * * 5085270613.750 2.051001879 0 RR 0
5085270793.750 1.81092e-05 0 23 0 -1 -1 * * 5085270793.750 2.051001855 0 RR 0
5085270972.500 -3.62556e-05 0 24 0 -1 -1 * * 5085270972.500 2.051001832 0 RR 0
5085271148.750 -1.43957e-05 0 25 0 -1 -1 * * 5085271148.750 2.051001808 0 RR 0
5085271367.500 -0.00012586 0 27 0 -1 -1 * * 5085271367.500 2.051001778 0 RR 0
5085271513.750 9.81973e-06 0 28 0 -1 -1 * * 5085271513.750 2.051001758 0 RR 0
5085271693.750 1.06296e-05 0 29 0 -1 -1 * * 5085271693.750 2.051001733 0 RR 0
5085271873.750 -1.76325e-05 0 30 0 -1 -1 * * 5085271873.750 2.051001708 0 RR 0
5085272053.750 -4.08926e-05 0 31 0 -1 -1 * * 5085272053.750 2.051001682 0 RR 0
5085272233.750 -1.30545e-05 0 32 0 -1 -1 * * 5085272233.750 2.051001657 0 RR 0
5085272413.750 4.30275e-05 0 33 0 -1 -1 * * 5085272413.750 2.051001630 0 RR 0
5085272593.750 8.09951e-06 0 34 0 -1 -1 * * 5085272593.750 2.051001604 0 RR 0
5085272772.500 6.22308e-05 0 35 0 -1 -1 * * 5085272772.500 2.051001577 0 RR 0
5085272948.750 2.04627e-05 0 36 0 -1 -1 * * 5085272948.750 2.051001551 0 RR 0
5085273128.750 8.12354e-05 0 37 0 -1 -1 * * 5085273128.750 2.051001524 0 RR 0
5085273308.750 2.20111e-05 0 38 0 -1 -1 * * 5085273308.750 2.051001496 0 RR 0
5085273488.750 -3.9701e-05 0 39 0 -1 -1 * * 5085273488.750 2.051001468 0 RR 0
5085273668.750 4.6576e-05 0 40 0 -1 -1 * * 5085273668.750 2.051001440 0 RR 0
5085273848.750 -1.41588e-05 0 41 0 -1 -1 * * 5085273848.750 2.051001412 0 RR 0
5085274028.750 -4.4245e-05 0 42 0 -1 -1 * * 5085274028.750 2.051001384 0 RR 0
5085274208.750 -1.87166e-05 0 43 0 -1 -1 * * 5085274208.750 2.051001355 0 RR 0
5085274388.750 -2.36471e-05 0 44 0 -1 -1 * * 5085274388.750 2.051001326 0 RR 0
5085274567.500 -6.2659e-05 0 45 0 -1 -1 * * 5085274567.500 2.051001297 0 RR 0
5085274743.750 -4.54143e-05 0 46 0 -1 -1 * * 5085274743.750 2.051001268 0 RR 0
5085274922.500 -3.23099e-05 0 47 0 -1 -1 * * 5085274922.500 2.051001239 0 RR 0
5085275142.500 -5.12979e-05 0 49 0 -1 -1 * * 5085275142.500 2.051001202 0 RR 0
5085275288.750 -7.86611e-06 0 50 0 -1 -1 * * 5085275288.750 2.051001178 0 RR 0
5085275468.750 -1.60319e-05 0 51 0 -1 -1 * * 5085275468.750 2.051001147 0 RR 0
5085275648.750 4.34317e-05 0 52 0 -1 -1 * * 5085275648.750 2.051001117 0 RR 0
5085275828.750 -2.46344e-05 0 53 0 -1 -1 * * 5085275828.750 2.051001086 0 RR 0
5085276008.750 -6.65667e-06 0 54 0 -1 -1 * * 5085276008.750 2.051001055 0 RR 0
5085276188.750 -9.29208e-05 0 55 0 -1 -1 * * 5085276188.750 2.051001024 0 RR 0
5085276367.500 6.16183e-06 0 56 0 -1 -1 * * 5085276367.500 2.051000993 0 RR 0
5085276543.750 1.86244e-05 0 57 0 -1 -1 * * 5085276543.750 2.051000963 0 RR 0
5085276723.750 -1.08487e-05 0 58 0 -1 -1 * * 5085276723.750 2.051000931 0 RR 0
5085276903.750 3.09443e-05 0 59 0 -1 -1 * * 5085276903.750 2.051000899 0 RR 0
5085277083.750 -2.1288e-05 0 60 0 -1 -1 * * 5085277083.750 2.051000868 0 RR 0
5085277263.750 1.73017e-05 0 61 0 -1 -1 * * 5085277263.750 2.051000836 0 RR 0
5085277443.750 2.42465e-05 0 62 0 -1 -1 * * 5085277443.750 2.051000803 0 RR 0
5085277623.750 -1.64949e-06 0 63 0 -1 -1 * * 5085277623.750 2.051000771 0 RR 0
5085277803.750 -1.75521e-05 0 64 0 -1 -1 * * 5085277803.750 2.051000739 0 RR 0
5085277983.750 -2.15026e-05 0 65 0 -1 -1 * * 5085277983.750 2.051000706 0 RR 0
5085278163.750 3.67894e-05 0 66 0 -1 -1 * * 5085278163.750 2.051000673 0 RR 0
5085278338.750 4.233e-05 0 67 0 -1 -1 * * 5085278338.750 2.051000642 0 RR 0
5085278518.750 5.22873e-05 0 68 0 -1 -1 * * 5085278518.750 2.051000609 0 RR 0
5085278697.500 -5.18249e-06 0 69 0 -1 -1 * * 5085278697.500 2.051000576 0 RR 0
5085278917.500 -3.4143e-05 0 71 0 -1 -1 * * 5085278917.500 2.051000535 0 RR 0
5085279063.750 4.56671e-05 0 72 0 -1 -1 * * 5085279063.750 2.051000508 0 RR 0
5085279243.750 -2.42509e-05 0 73 0 -1 -1 * * 5085279243.750 2.051000475 0 RR 0
5085279423.750 -4.60523e-05 0 74 0 -1 -1 * * 5085279423.750 2.051000442 0 RR 0
5085279603.750 6.40945e-05 0 75 0 -1 -1 * * 5085279603.750 2.051000408 0 RR 0
5085279783.750 3.60573e-05 0 76 0 -1 -1 * * 5085279783.750 2.051000375 0 RR 0
5085279963.750 4.69126e-05 0 77 0 -1 -1 * * 5085279963.750 2.051000341 0 RR 0
5085280142.500 2.57104e-07 0 78 0 -1 -1 * * 5085280142.500 2.051000308 0 RR 0
5085280318.750 4.77052e-05 0 79 0 -1 -1 * * 5085280318.750 2.051000275 0 RR 0
5085280498.750 7.87626e-05 0 80 0 -1 -1 * * 5085280498.750 2.051000241 0 RR 0
5085280678.750 4.27714e-05 0 81 0 -1 -1 * * 5085280678.750 2.051000207 0 RR 0
5085280858.750 1.68877e-05 0 82 0 -1 -1 * * 5085280858.750 2.051000173 0 RR 0
5085281038.750 -2.97467e-06 0 83 0 -1 -1 * * 5085281038.750 2.051000140 0 RR 0
5085281218.750 -2.67347e-05 0 84 0 -1 -1 * * 5085281218.750 2.051000106 0 RR 0
5085281398.750 1.22218e-05 0 85 0 -1 -1 * * 5085281398.750 2.051000072 0 RR 0
5085281578.750 -9.80566e-06 0 86 0 -1 -1 * * 5085281578.750 2.051000038 0 RR 0
5085281758.750 -6.33158e-05 0 87 0 -1 -1 * * 5085281758.750 2.051000004 0 RR 0
5085281937.500 2.91864e-05 0 88 0 -1 -1 * * 5085281937.500 2.050999970 0 RR 0
5085282113.750 -9.7668e-06 0 89 0 -1 -1 * * 5085282113.750 2.050999937 0 RR 0
5085282293.750 -5.70299e-05 0 90 0 -1 -1 * * 5085282293.750 2.050999903 0 RR 0
5085282472.500 -5.0174e-05 0 91 0 -1 -1 * * 5085282472.500 2.050999870 0 RR 0
5085282692.500 -6.15295e-05 0 93 0 -1 -1 * * 5085282692.500 2.050999828 0 RR 0
5085282838.750 -3.49049e-05 0 94 0 -1 -1 * * 5085282838.750 2.050999801 0 RR 0
5085283018.750 -2.74948e-05 0 95 0 -1 -1 * * 5085283018.750 2.050999767 0 RR 0
5085283198.750 4.98006e-05 0 96 0 -1 -1 * * 5085283198.750 2.050999733 0 RR 0
5085283378.750 7.45167e-05 0 97 0 -1 -1 * * 5085283378.750 2.050999700 0 RR 0
5085283558.750 1.65296e-05 0 98 0 -1 -1 * * 5085283558.750 2.050999666 0 RR 0
5085283737.500 -4.9331e-05 0 99 0 -1 -1 * * 5085283737.500 2.050999633 0 RR 0
5085283913.750 -6.98058e-05 0 100 0 -1 -1 * * 5085283913.750 2.050999600 0 RR 0
5085284093.750 -1.1041e-05 0 101 0 -1 -1 * * 5085284093.750 2.050999566 0 RR 0
5085284273.750 5.01199e-05 0 102 0 -1 -1 * * 5085284273.750 2.050999533 0 RR 0
5085284453.750 7.27809e-05 0 103 0 -1 -1 * * 5085284453.750 2.050999500 0 RR 0
5085284633.750 1.81879e-05 0 104 0 -1 -1 * * 5085284633.750 2.050999466 0 RR 0
5085284813.750 7.75464e-05 0 105 0 -1 -1 * * 5085284813.750 2.050999433 0 RR 0
5085284993.750 -5.66416e-05 0 106 0 -1 -1 * * 5085284993.750 2.050999400 0 RR 0
5085285173.750 -5.49788e-06 0 107 0 -1 -1 * * 5085285173.750 2.050999367 0 RR 0
5085285353.750 6.11755e-05 0 108 0 -1 -1 * * 5085285353.750 2.050999334 0 RR 0
5085285532.500 1.61632e-05 0 109 0 -1 -1 * * 5085285532.500 2.050999302 0 RR 0
5085285708.750 1.3991e-05 0 110 0 -1 -1 * * 5085285708.750 2.050999270 0 RR 0
5085285888.750 1.08642e-05 0 111 0 -1 -1 * * 5085285888.750 2.050999238 0 RR 0
5085286068.750 -2.91341e-05 0 112 0 -1 -1 * * 5085286068.750 2.050999205 0 RR 0
5085286247.500 8.48333e-06 0 113 0 -1 -1 * * 5085286247.500 2.050999173 0 RR 0
5085286467.500 -4.51048e-05 0 115 0 -1 -1 * * 5085286467.500 2.050999134 0 RR 0
5085286613.750 -2.66967e-05 0 116 0 -1 -1 * * 5085286613.750 2.050999108 0 RR 0
5085286793.750 -5.67685e-05 0 117 0 -1 -1 * * 5085286793.750 2.050999077 0 RR 0
5085286973.750 -1.12923e-05 0 118 0 -1 -1 * * 5085286973.750 2.050999045 0 RR 0
5085287153.750 -4.87411e-05 0 119 0 -1 -1 * * 5085287153.750 2.050999014 0 RR 0
5085287332.500 -8.79856e-06 0 120 0 -1 -1 * * 5085287332.500 2.050998982 0 RR 0
5085287508.750 1.23196e-05 0 121 0 -1 -1 * * 5085287508.750 2.050998952 0 RR 0
5085287688.750 -2.78325e-05 0 122 0 -1 -1 * * 5085287688.750 2.050998921 0 RR 0
5085287868.750 1.40354e-05 0 123 0 -1 -1 * * 5085287868.750 2.050998890 0 RR 0
5085288048.750 1.49667e-05 0 124 0 -1 -1 * * 5085288048.750 2.050998860 0 RR 0
5085288228.750 2.0668e-05 0 125 0 -1 -1 * * 5085288228.750 2.050998830 0 RR 0
