# vis: TOI732_small.ms
# scan: 5~125
# correlation: LL
# channel average: 2048
# time average: 1e+08s
# baseline average: True
# spw average: True
# From plot 0
# x y chan scan field ant1 ant2 ant1name ant2name time freq spw corr obs
# Time Real None None None None None None None MJD(seconds) GHz None None None
5085267592.500 9.75156e-05 0 5 0 -1 -1 * * 5085267592.500 2.051002221 0 LL 0
5085267738.750 1.38194e-05 0 6 0 -1 -1 * * 5085267738.750 2.051002206 0 LL 0
5085267918.750 -3.34559e-05 0 7 0 -1 -1 * * 5085267918.750 2.051002189 0 LL 0
5085268098.750 -5.61582e-05 0 8 0 -1 -1 * * 5085268098.750 2.051002170 0 LL 0
5085268278.750 -2.61782e-05 0 9 0 -1 -1 * * 5085268278.750 2.051002152 0 LL 0
5085268458.750 5.56694e-05 0 10 0 -1 -1 * * 5085268458.750 2.051002133 0 LL 0
5085268638.750 -6.94926e-05 0 11 0 -1 -1 * * 5085268638.750 2.051002114 0 LL 0
5085268818.750 1.72103e-05 0 12 0 -1 -1 * * 5085268818.750 2.051002094 0 LL 0
5085268998.750 4.7374e-05 0 13 0 -1 -1 * * 5085268998.750 2.051002074 0 LL 0
5085269177.500 8.92068e-05 0 14 0 -1 -1 * * 5085269177.500 2.051002054 0 LL 0
5085269353.750 7.55743e-05 0 15 0 -1 -1 * * 5085269353.750 2.051002033 0 LL 0
5085269533.750 -8.97285e-06 0 16 0 -1 -1 * * 5085269533.750 2.051002012 0 LL 0
5085269713.750 8.71192e-05 0 17 0 -1 -1 * * 5085269713.750 2.051001991 0 LL 0
5085269893.750 6.6064e-05 0 18 0 -1 -1 * * 5085269893.750 2.051001969 0 LL 0
5085270073.750 7.83823e-06 0 19 0 -1 -1 * * 5085270073.750 2.051001947 0 LL 0
5085270253.750 4.68048e-05 0 20 0 -1 -1 * * 5085270253.750 2.051001925 0 LL 0
5085270433.750 -1.16209e-05 0 21 0 -1 -1 * * 5085270433.750 2.051001902 0 LL 0
5085270613.750 2.95618e-05 0 22 0 -1 -1 * * 5085270613.750 2.051001879 0 LL 0
5085270793.750 -0.000103471 0 23 0 -1 -1 * * 5085270793.750 2.051001855 0 LL 0
5085270972.500 1.67432e-05 0 24 0 -1 -1 * * 5085270972.500 2.051001832 0 LL 0
5085271148.750 1.67368e-05 0 25 0 -1 -1 * * 5085271148.750 2.051001808 0 LL 0
5085271367.500 -4.40065e-05 0 27 0 -1 -1 * * 5085271367.500 2.051001778 0 LL 0
5085271513.750 2.49536e-05 0 28 0 -1 -1 * * 5085271513.750 2.051001758 0 LL 0
5085271693.750 2.04858e-05 0 29 0 -1 -1 * * 5085271693.750 2.051001733 0 LL 0
5085271873.750 3.15461e-05 0 30 0 -1 -1 * * 5085271873.750 2.051001708 0 LL 0
5085272053.750 7.49626e-05 0 31 0 -1 -1 * * 5085272053.750 2.051001682 0 LL 0
5085272233.750 3.30222e-05 0 32 0 -1 -1 * * 5085272233.750 2.051001657 0 LL 0
5085272413.750 -1.39486e-05 0 33 0 -1 -1 * * 5085272413.750 2.051001630 0 LL 0
5085272593.750 -2.43379e-05 0 34 0 -1 -1 * * 5085272593.750 2.051001604 0 LL 0
5085272772.500 -3.86106e-05 0 35 0 -1 -1 * * 5085272772.500 2.051001577 0 LL 0
5085272948.750 9.12933e-05 0 36 0 -1 -1 * * 5085272948.750 2.051001551 0 LL 0
5085273128.750 2.831e-05 0 37 0 -1 -1 * * 5085273128.750 2.051001524 0 LL 0
5085273308.750 9.78956e-07 0 38 0 -1 -1 * * 5085273308.750 2.051001496 0 LL 0
5085273488.750 -2.87636e-05 0 39 0 -1 -1 * * 5085273488.750 2.051001468 0 LL 0
5085273668.750 6.79755e-05 0 40 0 -1 -1 * * 5085273668.750 2.051001440 0 LL 0
5085273848.750 1.82959e-06 0 41 0 -1 -1 * * 5085273848.750 2.051001412 0 LL 0
5085274028.750 3.25115e-05 0 42 0 -1 -1 * * 5085274028.750 2.051001384 0 LL 0
5085274208.750 -2.97922e-05 0 43 0 -1 -1 * * 5085274208.750 2.051001355 0 LL 0
5085274388.750 -6.57671e-05 0 44 0 -1 -1 * * 5085274388.750 2.051001326 0 LL 0
5085274567.500 5.39639e-06 0 45 0 -1 -1 * * 5085274567.500 2.051001297 0 LL 0
5085274743.750 -1.00163e-05 0 46 0 -1 -1 * * 5085274743.750 2.051001268 0 LL 0
5085274922.500 -4.07835e-05 0 47 0 -1 -1 * * 5085274922.500 2.051001239 0 LL 0
5085275142.500 8.36723e-05 0 49 0 -1 -1 * * 5085275142.500 2.051001202 0 LL 0
5085275288.750 2.69716e-05 0 50 0 -1 -1 * * 5085275288.750 2.051001178 0 LL 0
5085275468.750 5.48731e-06 0 51 0 -1 -1 * * 5085275468.750 2.051001147 0 LL 0
5085275648.750 -8.48343e-06 0 52 0 -1 -1 * * 5085275648.750 2.051001117 0 LL 0
5085275828.750 -1.1483e-05 0 53 0 -1 -1 * * 5085275828.750 2.051001086 0 LL 0
5085276008.750 -6.90142e-05 0 54 0 -1 -1 * * 5085276008.750 2.051001055 0 LL 0
5085276188.750 -4.687e-05 0 55 0 -1 -1 * * 5085276188.750 2.051001024 0 LL 0
5085276367.500 -5.75287e-05 0 56 0 -1 -1 * * 5085276367.500 2.051000993 0 LL 0
5085276543.750 6.07245e-05 0 57 0 -1 -1 * * 5085276543.750 2.051000963 0 LL 0
5085276723.750 2.61661e-06 0 58 0 -1 -1 * * 5085276723.750 2.051000931 0 LL 0
5085276903.750 4.44711e-05 0 59 0 -1 -1 * * 5085276903.750 2.051000899 0 LL 0
5085277083.750 3.41098e-05 0 60 0 -1 -1 * * 5085277083.750 2.051000868 0 LL 0
5085277263.750 5.68473e-05 0 61 0 -1 -1 * * 5085277263.750 2.051000836 0 LL 0
5085277443.750 6.8178e-06 0 62 0 -1 -1 * * 5085277443.750 2.051000803 0 LL 0
5085277623.750 -6.6947e-06 0 63 0 -1 -1 * * 5085277623.750 2.051000771 0 LL 0
5085277803.750 1.77943e-05 0 64 0 -1 -1 * * 5085277803.750 2.051000739 0 LL 0
5085277983.750 -3.75751e-05 0 65 0 -1 -1 * * 5085277983.750 2.051000706 0 LL 0
5085278163.750 -2.40666e-05 0 66 0 -1 -1 * * 5085278163.750 2.051000673 0 LL 0
5085278338.750 1.15279e-05 0 67 0 -1 -1 * * 5085278338.750 2.051000642 0 LL 0
5085278518.750 -8.83193e-05 0 68 0 -1 -1 * * 5085278518.750 2.051000609 0 LL 0
5085278697.500 3.40292e-05 0 69 0 -1 -1 * * 5085278697.500 2.051000576 0 LL 0
5085278917.500 -8.8075e-05 0 71 0 -1 -1 * * 5085278917.500 2.051000535 0 LL 0
5085279063.750 3.82546e-05 0 72 0 -1 -1 * * 5085279063.750 2.051000508 0 LL 0
5085279243.750 -2.79159e-05 0 73 0 -1 -1 * * 5085279243.750 2.051000475 0 LL 0
5085279423.750 2.87706e-05 0 74 0 -1 -1 * * 5085279423.750 2.051000442 0 LL 0
5085279603.750 -5.27554e-05 0 75 0 -1 -1 * * 5085279603.750 2.051000408 0 LL 0
5085279783.750 -5.01003e-05 0 76 0 -1 -1 * * 5085279783.750 2.051000375 0 LL 0
5085279963.750 -4.61622e-05 0 77 0 -1 -1 * * 5085279963.750 2.051000341 0 LL 0
5085280142.500 -2.71852e-05 0 78 0 -1 -1 * * 5085280142.500 2.051000308 0 LL 0
5085280318.750 -1.04933e-06 0 79 0 -1 -1 * * 5085280318.750 2.051000275 0 LL 0
5085280498.750 -5.40378e-06 0 80 0 -1 -1 * * 5085280498.750 2.051000241 0 LL 0
5085280678.750 -2.80985e-05 0 81 0 -1 -1 * * 5085280678.750 2.051000207 0 LL 0
5085280858.750 -2.10232e-05 0 82 0 -1 -1 * * 5085280858.750 2.051000173 0 LL 0
5085281038.750 -3.86478e-05 0 83 0 -1 -1 * * 5085281038.750 2.051000140 0 LL 0
5085281218.750 -1.45799e-05 0 84 0 -1 -1 * * 5085281218.750 2.051000106 0 LL 0
5085281398.750 -1.48945e-06 0 85 0 -1 -1 * * 5085281398.750 2.051000072 0 LL 0
5085281578.750 -6.20629e-05 0 86 0 -1 -1 * * 5085281578.750 2.051000038 0 LL 0
5085281758.750 -0.00011901 0 87 0 -1 -1 * * 5085281758.750 2.051000004 0 LL 0
5085281937.500 -0.000122521 0 88 0 -1 -1 * * 5085281937.500 2.050999970 0 LL 0
5085282113.750 1.63426e-05 0 89 0 -1 -1 * * 5085282113.750 2.050999937 0 LL 0
5085282293.750 3.06342e-06 0 90 0 -1 -1 * * 5085282293.750 2.050999903 0 LL 0
5085282472.500 -1.66167e-05 0 91 0 -1 -1 * * 5085282472.500 2.050999870 0 LL 0
5085282692.500 5.37896e-05 0 93 0 -1 -1 * * 5085282692.500 2.050999828 0 LL 0
5085282838.750 -8.71755e-06 0 94 0 -1 -1 * * 5085282838.750 2.050999801 0 LL 0
5085283018.750 -3.2686e-05 0 95 0 -1 -1 * * 5085283018.750 2.050999767 0 LL 0
5085283198.750 -1.98918e-06 0 96 0 -1 -1 * * 5085283198.750 2.050999733 0 LL 0
5085283378.750 -6.01091e-06 0 97 0 -1 -1 * * 5085283378.750 2.050999700 0 LL 0
5085283558.750 -6.59258e-05 0 98 0 -1 -1 * * 5085283558.750 2.050999666 0 LL 0
5085283737.500 -1.18997e-05 0 99 0 -1 -1 * * 5085283737.500 2.050999633 0 LL 0
5085283913.750 -1.62035e-05 0 100 0 -1 -1 * * 5085283913.750 2.050999600 0 LL 0
5085284093.750 1.45035e-05 0 101 0 -1 -1 * * 5085284093.750 2.050999566 0 LL 0
5085284273.750 -5.41979e-05 0 102 0 -1 -1 * * 5085284273.750 2.050999533 0 LL 0
5085284453.750 9.83821e-05 0 103 0 -1 -1 * * 5085284453.750 2.050999500 0 LL 0
5085284633.750 -3.23852e-05 0 104 0 -1 -1 * * 5085284633.750 2.050999466 0 LL 0
5085284813.750 1.6147e-05 0 105 0 -1 -1 * * 5085284813.750 2.050999433 0 LL 0
5085284993.750 1.76803e-05 0 106 0 -1 -1 * * 5085284993.750 2.050999400 0 LL 0
5085285173.750 -6.62133e-05 0 107 0 -1 -1 * * 5085285173.750 2.050999367 0 LL 0
5085285353.750 -8.98039e-06 0 108 0 -1 -1 * * 5085285353.750 2.050999334 0 LL 0
5085285532.500 4.98737e-05 0 109 0 -1 -1 * * 5085285532.500 2.050999302 0 LL 0
5085285708.750 2.64159e-05 0 110 0 -1 -1 * * 5085285708.750 2.050999270 0 LL 0
5085285888.750 3.66563e-05 0 111 0 -1 -1 * * 5085285888.750 2.050999238 0 LL 0
5085286068.750 3.64539e-05 0 112 0 -1 -1 * * 5085286068.750 2.050999205 0 LL 0
5085286247.500 2.13735e-05 0 113 0 -1 -1 * * 5085286247.500 2.050999173 0 LL 0
5085286467.500 -1.15174e-05 0 115 0 -1 -1 * * 5085286467.500 2.050999134 0 LL 0
5085286613.750 -4.46632e-05 0 116 0 -1 -1 * * 5085286613.750 2.050999108 0 LL 0
5085286793.750 -4.53666e-05 0 117 0 -1 -1 * * 5085286793.750 2.050999077 0 LL 0
5085286973.750 -1.17673e-05 0 118 0 -1 -1 * * 5085286973.750 2.050999045 0 LL 0
5085287153.750 2.09497e-06 0 119 0 -1 -1 * * 5085287153.750 2.050999014 0 LL 0
5085287332.500 4.96383e-06 0 120 0 -1 -1 * * 5085287332.500 2.050998982 0 LL 0
5085287508.750 5.82104e-05 0 121 0 -1 -1 * * 5085287508.750 2.050998952 0 LL 0
5085287688.750 -4.49346e-05 0 122 0 -1 -1 * * 5085287688.750 2.050998921 0 LL 0
5085287868.750 -1.55627e-07 0 123 0 -1 -1 * * 5085287868.750 2.050998890 0 LL 0
5085288048.750 -2.82667e-05 0 124 0 -1 -1 * * 5085288048.750 2.050998860 0 LL 0
5085288228.750 1.57827e-05 0 125 0 -1 -1 * * 5085288228.750 2.050998830 0 LL 0
