# vis: TOI732_small.ms
# scan: 136~266
# correlation: RR
# channel average: 2048
# time average: 1e+08s
# baseline average: True
# spw average: True
# From plot 0
# x y chan scan field ant1 ant2 ant1name ant2name time freq spw corr obs
# Time Real None None None None None None None MJD(seconds) GHz None None None
5085355552.500 4.0499e-05 0 136 0 -1 -1 * * 5085355552.500 2.051002029 0 RR 1
5085355698.750 -2.63378e-05 0 137 0 -1 -1 * * 5085355698.750 2.051002012 0 RR 1
5085355878.750 -2.77534e-05 0 138 0 -1 -1 * * 5085355878.750 2.051001991 0 RR 1
5085356058.750 9.57622e-05 0 139 0 -1 -1 * * 5085356058.750 2.051001969 0 RR 1
5085356238.750 2.3735e-05 0 140 0 -1 -1 * * 5085356238.750 2.051001947 0 RR 1
5085356418.750 -1.2248e-05 0 141 0 -1 -1 * * 5085356418.750 2.051001924 0 RR 1
5085356598.750 3.89338e-05 0 142 0 -1 -1 * * 5085356598.750 2.051001902 0 RR 1
5085356778.750 4.96336e-05 0 143 0 -1 -1 * * 5085356778.750 2.051001878 0 RR 1
5085356953.750 -0.000119166 0 144 0 -1 -1 * * 5085356953.750 2.051001856 0 RR 1
5085357133.750 -1.44422e-05 0 145 0 -1 -1 * * 5085357133.750 2.051001832 0 RR 1
5085357313.750 6.2137e-05 0 146 0 -1 -1 * * 5085357313.750 2.051001808 0 RR 1
5085357493.750 -6.26808e-05 0 147 0 -1 -1 * * 5085357493.750 2.051001784 0 RR 1
5085357673.750 7.2532e-05 0 148 0 -1 -1 * * 5085357673.750 2.051001759 0 RR 1
5085357853.750 1.33711e-05 0 149 0 -1 -1 * * 5085357853.750 2.051001734 0 RR 1
5085358033.750 -0.0001041 0 150 0 -1 -1 * * 5085358033.750 2.051001709 0 RR 1
5085358213.750 -1.50785e-05 0 151 0 -1 -1 * * 5085358213.750 2.051001683 0 RR 1
5085358393.750 9.78381e-06 0 152 0 -1 -1 * * 5085358393.750 2.051001657 0 RR 1
5085358573.750 -4.31376e-06 0 153 0 -1 -1 * * 5085358573.750 2.051001631 0 RR 1
5085358752.500 -2.31444e-05 0 154 0 -1 -1 * * 5085358752.500 2.051001605 0 RR 1
5085358928.750 1.28597e-06 0 155 0 -1 -1 * * 5085358928.750 2.051001579 0 RR 1
5085359108.750 1.17559e-05 0 156 0 -1 -1 * * 5085359108.750 2.051001552 0 RR 1
5085359327.500 3.48789e-05 0 158 0 -1 -1 * * 5085359327.500 2.051001518 0 RR 1
5085359473.750 -2.67774e-05 0 159 0 -1 -1 * * 5085359473.750 2.051001496 0 RR 1
5085359653.750 3.11791e-06 0 160 0 -1 -1 * * 5085359653.750 2.051001468 0 RR 1
5085359833.750 3.87495e-05 0 161 0 -1 -1 * * 5085359833.750 2.051001440 0 RR 1
5085360013.750 -4.82857e-05 0 162 0 -1 -1 * * 5085360013.750 2.051001412 0 RR 1
5085360193.750 -6.36127e-05 0 163 0 -1 -1 * * 5085360193.750 2.051001384 0 RR 1
5085360373.750 3.47164e-05 0 164 0 -1 -1 * * 5085360373.750 2.051001355 0 RR 1
5085360552.500 -2.59452e-05 0 165 0 -1 -1 * * 5085360552.500 2.051001326 0 RR 1
5085360728.750 4.71377e-05 0 166 0 -1 -1 * * 5085360728.750 2.051001297 0 RR 1
5085360908.750 1.14826e-05 0 167 0 -1 -1 * * 5085360908.750 2.051001268 0 RR 1
5085361088.750 5.33391e-05 0 168 0 -1 -1 * * 5085361088.750 2.051001238 0 RR 1
5085361268.750 -5.05745e-05 0 169 0 -1 -1 * * 5085361268.750 2.051001208 0 RR 1
5085361448.750 3.28636e-05 0 170 0 -1 -1 * * 5085361448.750 2.051001178 0 RR 1
5085361628.750 -7.56713e-06 0 171 0 -1 -1 * * 5085361628.750 2.051001148 0 RR 1
5085361808.750 -2.28269e-06 0 172 0 -1 -1 * * 5085361808.750 2.051001118 0 RR 1
5085361988.750 -4.76185e-06 0 173 0 -1 -1 * * 5085361988.750 2.051001087 0 RR 1
5085362168.750 -1.50738e-05 0 174 0 -1 -1 * * 5085362168.750 2.051001056 0 RR 1
5085362347.500 6.46795e-05 0 175 0 -1 -1 * * 5085362347.500 2.051001025 0 RR 1
5085362523.750 8.85122e-06 0 176 0 -1 -1 * * 5085362523.750 2.051000995 0 RR 1
5085362703.750 -2.5123e-05 0 177 0 -1 -1 * * 5085362703.750 2.051000963 0 RR 1
5085362882.500 3.92625e-05 0 178 0 -1 -1 * * 5085362882.500 2.051000932 0 RR 1
5085363102.500 -5.1291e-05 0 180 0 -1 -1 * * 5085363102.500 2.051000893 0 RR 1
5085363248.750 2.5916e-05 0 181 0 -1 -1 * * 5085363248.750 2.051000867 0 RR 1
5085363428.750 1.19381e-05 0 182 0 -1 -1 * * 5085363428.750 2.051000835 0 RR 1
5085363608.750 0.000103893 0 183 0 -1 -1 * * 5085363608.750 2.051000803 0 RR 1
5085363788.750 -3.93032e-05 0 184 0 -1 -1 * * 5085363788.750 2.051000771 0 RR 1
5085363968.750 -1.74049e-05 0 185 0 -1 -1 * * 5085363968.750 2.051000738 0 RR 1
5085364147.500 7.17317e-06 0 186 0 -1 -1 * * 5085364147.500 2.051000706 0 RR 1
5085364323.750 -7.51048e-06 0 187 0 -1 -1 * * 5085364323.750 2.051000674 0 RR 1
5085364503.750 9.79749e-06 0 188 0 -1 -1 * * 5085364503.750 2.051000641 0 RR 1
5085364683.750 3.6154e-05 0 189 0 -1 -1 * * 5085364683.750 2.051000608 0 RR 1
5085364863.750 2.69517e-05 0 190 0 -1 -1 * * 5085364863.750 2.051000575 0 RR 1
5085365043.750 -7.13422e-05 0 191 0 -1 -1 * * 5085365043.750 2.051000542 0 RR 1
5085365223.750 -1.29649e-05 0 192 0 -1 -1 * * 5085365223.750 2.051000509 0 RR 1
5085365403.750 -8.6176e-05 0 193 0 -1 -1 * * 5085365403.750 2.051000476 0 RR 1
5085365583.750 -8.79604e-05 0 194 0 -1 -1 * * 5085365583.750 2.051000443 0 RR 1
5085365763.750 -6.57965e-06 0 195 0 -1 -1 * * 5085365763.750 2.051000409 0 RR 1
5085365942.500 7.24726e-05 0 196 0 -1 -1 * * 5085365942.500 2.051000376 0 RR 1
5085366118.750 -6.31393e-06 0 197 0 -1 -1 * * 5085366118.750 2.051000343 0 RR 1
5085366298.750 3.37321e-05 0 198 0 -1 -1 * * 5085366298.750 2.051000309 0 RR 1
5085366478.750 2.72336e-05 0 199 0 -1 -1 * * 5085366478.750 2.051000276 0 RR 1
5085366657.500 9.86871e-05 0 200 0 -1 -1 * * 5085366657.500 2.051000242 0 RR 1
5085366877.500 -5.66783e-05 0 202 0 -1 -1 * * 5085366877.500 2.051000201 0 RR 1
5085367023.750 -3.14727e-05 0 203 0 -1 -1 * * 5085367023.750 2.051000173 0 RR 1
5085367203.750 4.32486e-05 0 204 0 -1 -1 * * 5085367203.750 2.051000139 0 RR 1
5085367383.750 3.49656e-05 0 205 0 -1 -1 * * 5085367383.750 2.051000106 0 RR 1
5085367563.750 1.52303e-05 0 206 0 -1 -1 * * 5085367563.750 2.051000072 0 RR 1
5085367743.750 -1.81631e-05 0 207 0 -1 -1 * * 5085367743.750 2.051000038 0 RR 1
5085367918.750 -1.15921e-05 0 208 0 -1 -1 * * 5085367918.750 2.051000005 0 RR 1
5085368098.750 -1.96473e-05 0 209 0 -1 -1 * * 5085368098.750 2.050999971 0 RR 1
5085368278.750 -9.15343e-05 0 210 0 -1 -1 * * 5085368278.750 2.050999937 0 RR 1
5085368458.750 3.09699e-05 0 211 0 -1 -1 * * 5085368458.750 2.050999903 0 RR 1
5085368638.750 3.25853e-05 0 212 0 -1 -1 * * 5085368638.750 2.050999869 0 RR 1
5085368818.750 -1.0056e-05 0 213 0 -1 -1 * * 5085368818.750 2.050999835 0 RR 1
5085368998.750 2.83276e-05 0 214 0 -1 -1 * * 5085368998.750 2.050999802 0 RR 1
5085369178.750 1.68959e-06 0 215 0 -1 -1 * * 5085369178.750 2.050999768 0 RR 1
5085369358.750 -1.40959e-05 0 216 0 -1 -1 * * 5085369358.750 2.050999734 0 RR 1
5085369538.750 -2.85495e-05 0 217 0 -1 -1 * * 5085369538.750 2.050999700 0 RR 1
5085369717.500 4.71462e-05 0 218 0 -1 -1 * * 5085369717.500 2.050999667 0 RR 1
5085369893.750 3.41714e-05 0 219 0 -1 -1 * * 5085369893.750 2.050999634 0 RR 1
5085370073.750 2.88834e-05 0 220 0 -1 -1 * * 5085370073.750 2.050999601 0 RR 1
5085370253.750 4.35639e-05 0 221 0 -1 -1 * * 5085370253.750 2.050999567 0 RR 1
5085370432.500 -5.87065e-05 0 222 0 -1 -1 * * 5085370432.500 2.050999534 0 RR 1
5085370652.500 6.37711e-05 0 224 0 -1 -1 * * 5085370652.500 2.050999493 0 RR 1
5085370798.750 -2.02297e-05 0 225 0 -1 -1 * * 5085370798.750 2.050999466 0 RR 1
5085370978.750 3.4206e-05 0 226 0 -1 -1 * * 5085370978.750 2.050999433 0 RR 1
5085371158.750 -3.2104e-05 0 227 0 -1 -1 * * 5085371158.750 2.050999400 0 RR 1
5085371338.750 -6.73982e-05 0 228 0 -1 -1 * * 5085371338.750 2.050999367 0 RR 1
5085371517.500 0.000110088 0 229 0 -1 -1 * * 5085371517.500 2.050999335 0 RR 1
5085371693.750 -3.6403e-05 0 230 0 -1 -1 * * 5085371693.750 2.050999303 0 RR 1
5085371873.750 4.75551e-05 0 231 0 -1 -1 * * 5085371873.750 2.050999270 0 RR 1
5085372053.750 -5.33792e-05 0 232 0 -1 -1 * * 5085372053.750 2.050999237 0 RR 1
5085372233.750 4.14401e-05 0 233 0 -1 -1 * * 5085372233.750 2.050999205 0 RR 1
5085372413.750 3.02088e-05 0 234 0 -1 -1 * * 5085372413.750 2.050999173 0 RR 1
5085372593.750 3.95196e-06 0 235 0 -1 -1 * * 5085372593.750 2.050999141 0 RR 1
5085372773.750 -3.97633e-05 0 236 0 -1 -1 * * 5085372773.750 2.050999109 0 RR 1
5085372953.750 -4.47641e-05 0 237 0 -1 -1 * * 5085372953.750 2.050999077 0 RR 1
5085373133.750 -3.33513e-05 0 238 0 -1 -1 * * 5085373133.750 2.050999046 0 RR 1
5085373312.500 1.29342e-05 0 239 0 -1 -1 * * 5085373312.500 2.050999014 0 RR 1
5085373488.750 4.70794e-05 0 240 0 -1 -1 * * 5085373488.750 2.050998984 0 RR 1
5085373668.750 -5.0352e-05 0 241 0 -1 -1 * * 5085373668.750 2.050998953 0 RR 1
5085373848.750 -3.0749e-05 0 242 0 -1 -1 * * 5085373848.750 2.050998922 0 RR 1
5085374028.750 -1.16044e-06 0 243 0 -1 -1 * * 5085374028.750 2.050998891 0 RR 1
5085374207.500 -4.80228e-05 0 244 0 -1 -1 * * 5085374207.500 2.050998861 0 RR 1
5085374427.500 0.000102068 0 246 0 -1 -1 * * 5085374427.500 2.050998824 0 RR 1
5085374573.750 -4.55638e-05 0 247 0 -1 -1 * * 5085374573.750 2.050998799 0 RR 1
5085374753.750 6.97472e-06 0 248 0 -1 -1 * * 5085374753.750 2.050998769 0 RR 1
5085374933.750 3.13975e-05 0 249 0 -1 -1 * * 5085374933.750 2.050998740 0 RR 1
5085375112.500 -2.84233e-05 0 250 0 -1 -1 * * 5085375112.500 2.050998710 0 RR 1
5085375288.750 1.10582e-05 0 251 0 -1 -1 * * 5085375288.750 2.050998682 0 RR 1
5085375468.750 6.38803e-05 0 252 0 -1 -1 * * 5085375468.750 2.050998653 0 RR 1
5085375648.750 -5.04191e-05 0 253 0 -1 -1 * * 5085375648.750 2.050998624 0 RR 1
5085375828.750 3.02818e-06 0 254 0 -1 -1 * * 5085375828.750 2.050998595 0 RR 1
5085376008.750 1.86489e-06 0 255 0 -1 -1 * * 5085376008.750 2.050998567 0 RR 1
5085376188.750 9.614e-06 0 256 0 -1 -1 * * 5085376188.750 2.050998539 0 RR 1
5085376368.750 3.22266e-06 0 257 0 -1 -1 * * 5085376368.750 2.050998511 0 RR 1
5085376548.750 -3.64077e-05 0 258 0 -1 -1 * * 5085376548.750 2.050998483 0 RR 1
5085376728.750 -8.23052e-05 0 259 0 -1 -1 * * 5085376728.750 2.050998456 0 RR 1
5085376907.500 -1.42227e-05 0 260 0 -1 -1 * * 5085376907.500 2.050998429 0 RR 1
5085377083.750 2.91858e-05 0 261 0 -1 -1 * * 5085377083.750 2.050998403 0 RR 1
5085377263.750 -1.31703e-05 0 262 0 -1 -1 * * 5085377263.750 2.050998377 0 RR 1
5085377443.750 -1.48844e-05 0 263 0 -1 -1 * * 5085377443.750 2.050998350 0 RR 1
5085377623.750 3.93361e-05 0 264 0 -1 -1 * * 5085377623.750 2.050998324 0 RR 1
5085377803.750 6.5224e-06 0 265 0 -1 -1 * * 5085377803.750 2.050998299 0 RR 1
5085377983.750 1.52774e-05 0 266 0 -1 -1 * * 5085377983.750 2.050998273 0 RR 1
