# vis: TOI732_small.ms
# correlation: RR
# channel average: 2048
# time average: 1e+08s
# baseline average: True
# spw average: True
# From plot 0
# x y chan scan field ant1 ant2 ant1name ant2name time freq spw corr obs
# Time Real None None None None None None None MJD(seconds) GHz None None None
5085267592.500 4.99674e-05 0 5 0 -1 -1 * * 5085267592.500 2.051002221 0 RR 0
5085267738.750 2.71089e-05 0 6 0 -1 -1 * * 5085267738.750 2.051002206 0 RR 0
5085267918.750 -8.56184e-06 0 7 0 -1 -1 * * 5085267918.750 2.051002189 0 RR 0
5085268098.750 7.08073e-05 0 8 0 -1 -1 * * 5085268098.750 2.051002170 0 RR 0
5085268278.750 -2.88174e-05 0 9 0 -1 -1 * * 5085268278.750 2.051002152 0 RR 0
5085268458.750 -6.29997e-06 0 10 0 -1 -1 * * 5085268458.750 2.051002133 0 RR 0
5085268638.750 -4.48616e-06 0 11 0 -1 -1 * * 5085268638.750 2.051002114 0 RR 0
5085268818.750 2.18334e-05 0 12 0 -1 -1 * * 5085268818.750 2.051002094 0 RR 0
5085268998.750 2.19321e-05 0 13 0 -1 -1 * * 5085268998.750 2.051002074 0 RR 0
5085269177.500 5.30345e-05 0 14 0 -1 -1 * * 5085269177.500 2.051002054 0 RR 0
5085269353.750 9.11977e-05 0 15 0 -1 -1 * * 5085269353.750 2.051002033 0 RR 0
5085269533.750 -3.36881e-05 0 16 0 -1 -1 * * 5085269533.750 2.051002012 0 RR 0
5085269713.750 2.77246e-05 0 17 0 -1 -1 * * 5085269713.750 2.051001991 0 RR 0
5085269893.750 -2.79006e-05 0 18 0 -1 -1 * * 5085269893.750 2.051001969 0 RR 0
5085270073.750 -8.72454e-06 0 19 0 -1 -1 * * 5085270073.750 2.051001947 0 RR 0
5085270253.750 -6.39111e-05 0 20 0 -1 -1 * * 5085270253.750 2.051001925 0 RR 0
5085270433.750 -3.76973e-05 0 21 0 -1 -1 * * 5085270433.750 2.051001902 0 RR 0
5085270613.750 -3.68271e-05 0 22 0 -1 -1 * * 5085270613.750 2.051001879 0 RR 0
5085270793.750 1.81092e-05 0 23 0 -1 -1 * * 5085270793.750 2.051001855 0 RR 0
5085270972.500 -3.62556e-05 0 24 0 -1 -1 * * 5085270972.500 2.051001832 0 RR 0
5085271148.750 -1.43957e-05 0 25 0 -1 -1 * * 5085271148.750 2.051001808 0 RR 0
5085271367.500 -0.00012586 0 27 0 -1 -1 * * 5085271367.500 2.051001778 0 RR 0
5085271513.750 9.81973e-06 0 28 0 -1 -1 * * 5085271513.750 2.051001758 0 RR 0
5085271693.750 1.06296e-05 0 29 0 -1 -1 * * 5085271693.750 2.051001733 0 RR 0
5085271873.750 -1.76325e-05 0 30 0 -1 -1 * * 5085271873.750 2.051001708 0 RR 0
5085272053.750 -4.08926e-05 0 31 0 -1 -1 * * 5085272053.750 2.051001682 0 RR 0
5085272233.750 -1.30545e-05 0 32 0 -1 -1 * * 5085272233.750 2.051001657 0 RR 0
5085272413.750 4.30275e-05 0 33 0 -1 -1 * * 5085272413.750 2.051001630 0 RR 0
5085272593.750 8.09951e-06 0 34 0 -1 -1 * * 5085272593.750 2.051001604 0 RR 0
5085272772.500 6.22308e-05 0 35 0 -1 -1 * * 5085272772.500 2.051001577 0 RR 0
5085272948.750 2.04627e-05 0 36 0 -1 -1 * * 5085272948.750 2.051001551 0 RR 0
5085273128.750 8.12354e-05 0 37 0 -1 -1 * * 5085273128.750 2.051001524 0 RR 0
5085273308.750 2.20111e-05 0 38 0 -1 -1 * * 5085273308.750 2.051001496 0 RR 0
5085273488.750 -3.9701e-05 0 39 0 -1 -1 * * 5085273488.750 2.051001468 0 RR 0
5085273668.750 4.6576e-05 0 40 0 -1 -1 * * 5085273668.750 2.051001440 0 RR 0
5085273848.750 -1.41588e-05 0 41 0 -1 -1 * * 5085273848.750 2.051001412 0 RR 0
5085274028.750 -4.4245e-05 0 42 0 -1 -1 * * 5085274028.750 2.051001384 0 RR 0
5085274208.750 -1.87166e-05 0 43 0 -1 -1 * * 5085274208.750 2.051001355 0 RR 0
5085274388.750 -2.36471e-05 0 44 0 -1 -1 * * 5085274388.750 2.051001326 0 RR 0
5085274567.500 -6.2659e-05 0 45 0 -1 -1 * * 5085274567.500 2.051001297 0 RR 0
5085274743.750 -4.54143e-05 0 46 0 -1 -1 * * 5085274743.750 2.051001268 0 RR 0
5085274922.500 -3.23099e-05 0 47 0 -1 -1 * * 5085274922.500 2.051001239 0 RR 0
5085275142.500 -5.12979e-05 0 49 0 -1 -1 * * 5085275142.500 2.051001202 0 RR 0
5085275288.750 -7.86611e-06 0 50 0 -1 -1 * * 5085275288.750 2.051001178 0 RR 0
5085275468.750 -1.60319e-05 0 51 0 -1 -1 * * 5085275468.750 2.051001147 0 RR 0
5085275648.750 4.34317e-05 0 52 0 -1 -1 * * 5085275648.750 2.051001117 0 RR 0
5085275828.750 -2.46344e-05 0 53 0 -1 -1 * * 5085275828.750 2.051001086 0 RR 0
5085276008.750 -6.65667e-06 0 54 0 -1 -1 * * 5085276008.750 2.051001055 0 RR 0
5085276188.750 -9.29208e-05 0 55 0 -1 -1 * * 5085276188.750 2.051001024 0 RR 0
5085276367.500 6.16183e-06 0 56 0 -1 -1 * * 5085276367.500 2.051000993 0 RR 0
5085276543.750 1.86244e-05 0 57 0 -1 -1 * * 5085276543.750 2.051000963 0 RR 0
5085276723.750 -1.08487e-05 0 58 0 -1 -1 * * 5085276723.750 2.051000931 0 RR 0
5085276903.750 3.09443e-05 0 59 0 -1 -1 * * 5085276903.750 2.051000899 0 RR 0
5085277083.750 -2.1288e-05 0 60 0 -1 -1 * * 5085277083.750 2.051000868 0 RR 0
5085277263.750 1.73017e-05 0 61 0 -1 -1 * * 5085277263.750 2.051000836 0 RR 0
5085277443.750 2.42465e-05 0 62 0 -1 -1 * * 5085277443.750 2.051000803 0 RR 0
5085277623.750 -1.64949e-06 0 63 0 -1 -1 * * 5085277623.750 2.051000771 0 RR 0
5085277803.750 -1.75521e-05 0 64 0 -1 -1 * * 5085277803.750 2.051000739 0 RR 0
5085277983.750 -2.15026e-05 0 65 0 -1 -1 * * 5085277983.750 2.051000706 0 RR 0
5085278163.750 3.67894e-05 0 66 0 -1 -1 * * 5085278163.750 2.051000673 0 RR 0
5085278338.750 4.233e-05 0 67 0 -1 -1 * * 5085278338.750 2.051000642 0 RR 0
5085278518.750 5.22873e-05 0 68 0 -1 -1 * * 5085278518.750 2.051000609 0 RR 0
5085278697.500 -5.18249e-06 0 69 0 -1 -1 * * 5085278697.500 2.051000576 0 RR 0
5085278917.500 -3.4143e-05 0 71 0 -1 -1 * * 5085278917.500 2.051000535 0 RR 0
5085279063.750 4.56671e-05 0 72 0 -1 -1 * * 5085279063.750 2.051000508 0 RR 0
5085279243.750 -2.42509e-05 0 73 0 -1 -1 * * 5085279243.750 2.051000475 0 RR 0
5085279423.750 -4.60523e-05 0 74 0 -1 -1 * * 5085279423.750 2.051000442 0 RR 0
5085279603.750 6.40945e-05 0 75 0 -1 -1 * * 5085279603.750 2.051000408 0 RR 0
5085279783.750 3.60573e-05 0 76 0 -1 -1 * * 5085279783.750 2.051000375 0 RR 0
5085279963.750 4.69126e-05 0 77 0 -1 -1 * * 5085279963.750 2.051000341 0 RR 0
5085280142.500 2.57104e-07 0 78 0 -1 -1 * * 5085280142.500 2.051000308 0 RR 0
5085280318.750 4.77052e-05 0 79 0 -1 -1 * * 5085280318.750 2.051000275 0 RR 0
5085280498.750 7.87626e-05 0 80 0 -1 -1 * * 5085280498.750 2.051000241 0 RR 0
5085280678.750 4.27714e-05 0 81 0 -1 -1 * * 5085280678.750 2.051000207 0 RR 0
5085280858.750 1.68877e-05 0 82 0 -1 -1 * * 5085280858.750 2.051000173 0 RR 0
5085281038.750 -2.97467e-06 0 83 0 -1 -1 * * 5085281038.750 2.051000140 0 RR 0
5085281218.750 -2.67347e-05 0 84 0 -1 -1 * * 5085281218.750 2.051000106 0 RR 0
5085281398.750 1.22218e-05 0 85 0 -1 -1 * * 5085281398.750 2.051000072 0 RR 0
5085281578.750 -9.80566e-06 0 86 0 -1 -1 * * 5085281578.750 2.051000038 0 RR 0
5085281758.750 -6.33158e-05 0 87 0 -1 -1 * * 5085281758.750 2.051000004 0 RR 0
5085281937.500 2.91864e-05 0 88 0 -1 -1 * * 5085281937.500 2.050999970 0 RR 0
5085282113.750 -9.7668e-06 0 89 0 -1 -1 * * 5085282113.750 2.050999937 0 RR 0
5085282293.750 -5.70299e-05 0 90 0 -1 -1 * * 5085282293.750 2.050999903 0 RR 0
5085282472.500 -5.0174e-05 0 91 0 -1 -1 * * 5085282472.500 2.050999870 0 RR 0
5085282692.500 -6.15295e-05 0 93 0 -1 -1 * * 5085282692.500 2.050999828 0 RR 0
5085282838.750 -3.49049e-05 0 94 0 -1 -1 * * 5085282838.750 2.050999801 0 RR 0
5085283018.750 -2.74948e-05 0 95 0 -1 -1 * * 5085283018.750 2.050999767 0 RR 0
5085283198.750 4.98006e-05 0 96 0 -1 -1 * * 5085283198.750 2.050999733 0 RR 0
5085283378.750 7.45167e-05 0 97 0 -1 -1 * * 5085283378.750 2.050999700 0 RR 0
5085283558.750 1.65296e-05 0 98 0 -1 -1 * * 5085283558.750 2.050999666 0 RR 0
5085283737.500 -4.9331e-05 0 99 0 -1 -1 * * 5085283737.500 2.050999633 0 RR 0
5085283913.750 -6.98058e-05 0 100 0 -1 -1 * * 5085283913.750 2.050999600 0 RR 0
5085284093.750 -1.1041e-05 0 101 0 -1 -1 * * 5085284093.750 2.050999566 0 RR 0
5085284273.750 5.01199e-05 0 102 0 -1 -1 * * 5085284273.750 2.050999533 0 RR 0
5085284453.750 7.27809e-05 0 103 0 -1 -1 * * 5085284453.750 2.050999500 0 RR 0
5085284633.750 1.81879e-05 0 104 0 -1 -1 * * 5085284633.750 2.050999466 0 RR 0
5085284813.750 7.75464e-05 0 105 0 -1 -1 * * 5085284813.750 2.050999433 0 RR 0
5085284993.750 -5.66416e-05 0 106 0 -1 -1 * * 5085284993.750 2.050999400 0 RR 0
5085285173.750 -5.49788e-06 0 107 0 -1 -1 * * 5085285173.750 2.050999367 0 RR 0
5085285353.750 6.11755e-05 0 108 0 -1 -1 * * 5085285353.750 2.050999334 0 RR 0
5085285532.500 1.61632e-05 0 109 0 -1 -1 * * 5085285532.500 2.050999302 0 RR 0
5085285708.750 1.3991e-05 0 110 0 -1 -1 * * 5085285708.750 2.050999270 0 RR 0
5085285888.750 1.08642e-05 0 111 0 -1 -1 * * 5085285888.750 2.050999238 0 RR 0
5085286068.750 -2.91341e-05 0 112 0 -1 -1 * * 5085286068.750 2.050999205 0 RR 0
5085286247.500 8.48333e-06 0 113 0 -1 -1 * * 5085286247.500 2.050999173 0 RR 0
5085286467.500 -4.51048e-05 0 115 0 -1 -1 * * 5085286467.500 2.050999134 0 RR 0
5085286613.750 -2.66967e-05 0 116 0 -1 -1 * * 5085286613.750 2.050999108 0 RR 0
5085286793.750 -5.67685e-05 0 117 0 -1 -1 * * 5085286793.750 2.050999077 0 RR 0
5085286973.750 -1.12923e-05 0 118 0 -1 -1 * * 5085286973.750 2.050999045 0 RR 0
5085287153.750 -4.87411e-05 0 119 0 -1 -1 * * 5085287153.750 2.050999014 0 RR 0
5085287332.500 -8.79856e-06 0 120 0 -1 -1 * * 5085287332.500 2.050998982 0 RR 0
5085287508.750 1.23196e-05 0 121 0 -1 -1 * * 5085287508.750 2.050998952 0 RR 0
5085287688.750 -2.78325e-05 0 122 0 -1 -1 * * 5085287688.750 2.050998921 0 RR 0
5085287868.750 1.40354e-05 0 123 0 -1 -1 * * 5085287868.750 2.050998890 0 RR 0
5085288048.750 1.49667e-05 0 124 0 -1 -1 * * 5085288048.750 2.050998860 0 RR 0
5085288228.750 2.0668e-05 0 125 0 -1 -1 * * 5085288228.750 2.050998830 0 RR 0
5085288408.750 -6.28948e-05 0 126 0 -1 -1 * * 5085288408.750 2.050998799 0 RR 0
5085288588.750 1.04836e-05 0 127 0 -1 -1 * * 5085288588.750 2.050998770 0 RR 0
5085288768.750 -3.02732e-06 0 128 0 -1 -1 * * 5085288768.750 2.050998740 0 RR 0
5085288948.750 4.74332e-05 0 129 0 -1 -1 * * 5085288948.750 2.050998710 0 RR 0
5085289127.500 1.65442e-05 0 130 0 -1 -1 * * 5085289127.500 2.050998681 0 RR 0
5085289303.750 -3.48404e-05 0 131 0 -1 -1 * * 5085289303.750 2.050998653 0 RR 0
5085289483.750 4.1232e-05 0 132 0 -1 -1 * * 5085289483.750 2.050998624 0 RR 0
5085289663.750 -1.76769e-05 0 133 0 -1 -1 * * 5085289663.750 2.050998595 0 RR 0
5085289843.750 2.48886e-05 0 134 0 -1 -1 * * 5085289843.750 2.050998567 0 RR 0
5085290023.750 -1.11144e-05 0 135 0 -1 -1 * * 5085290023.750 2.050998539 0 RR 0
5085355552.500 4.0499e-05 0 136 0 -1 -1 * * 5085355552.500 2.051002029 0 RR 1
5085355698.750 -2.63378e-05 0 137 0 -1 -1 * * 5085355698.750 2.051002012 0 RR 1
5085355878.750 -2.77534e-05 0 138 0 -1 -1 * * 5085355878.750 2.051001991 0 RR 1
5085356058.750 9.57622e-05 0 139 0 -1 -1 * * 5085356058.750 2.051001969 0 RR 1
5085356238.750 2.3735e-05 0 140 0 -1 -1 * * 5085356238.750 2.051001947 0 RR 1
5085356418.750 -1.2248e-05 0 141 0 -1 -1 * * 5085356418.750 2.051001924 0 RR 1
5085356598.750 3.89338e-05 0 142 0 -1 -1 * * 5085356598.750 2.051001902 0 RR 1
5085356778.750 4.96336e-05 0 143 0 -1 -1 * * 5085356778.750 2.051001878 0 RR 1
5085356953.750 -0.000119166 0 144 0 -1 -1 * * 5085356953.750 2.051001856 0 RR 1
5085357133.750 -1.44422e-05 0 145 0 -1 -1 * * 5085357133.750 2.051001832 0 RR 1
5085357313.750 6.2137e-05 0 146 0 -1 -1 * * 5085357313.750 2.051001808 0 RR 1
5085357493.750 -6.26808e-05 0 147 0 -1 -1 * * 5085357493.750 2.051001784 0 RR 1
5085357673.750 7.2532e-05 0 148 0 -1 -1 * * 5085357673.750 2.051001759 0 RR 1
5085357853.750 1.33711e-05 0 149 0 -1 -1 * * 5085357853.750 2.051001734 0 RR 1
5085358033.750 -0.0001041 0 150 0 -1 -1 * * 5085358033.750 2.051001709 0 RR 1
5085358213.750 -1.50785e-05 0 151 0 -1 -1 * * 5085358213.750 2.051001683 0 RR 1
5085358393.750 9.78381e-06 0 152 0 -1 -1 * * 5085358393.750 2.051001657 0 RR 1
5085358573.750 -4.31376e-06 0 153 0 -1 -1 * * 5085358573.750 2.051001631 0 RR 1
5085358752.500 -2.31444e-05 0 154 0 -1 -1 * * 5085358752.500 2.051001605 0 RR 1
5085358928.750 1.28597e-06 0 155 0 -1 -1 * * 5085358928.750 2.051001579 0 RR 1
5085359108.750 1.17559e-05 0 156 0 -1 -1 * * 5085359108.750 2.051001552 0 RR 1
5085359327.500 3.48789e-05 0 158 0 -1 -1 * * 5085359327.500 2.051001518 0 RR 1
5085359473.750 -2.67774e-05 0 159 0 -1 -1 * * 5085359473.750 2.051001496 0 RR 1
5085359653.750 3.11791e-06 0 160 0 -1 -1 * * 5085359653.750 2.051001468 0 RR 1
5085359833.750 3.87495e-05 0 161 0 -1 -1 * * 5085359833.750 2.051001440 0 RR 1
5085360013.750 -4.82857e-05 0 162 0 -1 -1 * * 5085360013.750 2.051001412 0 RR 1
5085360193.750 -6.36127e-05 0 163 0 -1 -1 * * 5085360193.750 2.051001384 0 RR 1
5085360373.750 3.47164e-05 0 164 0 -1 -1 * * 5085360373.750 2.051001355 0 RR 1
5085360552.500 -2.59452e-05 0 165 0 -1 -1 * * 5085360552.500 2.051001326 0 RR 1
5085360728.750 4.71377e-05 0 166 0 -1 -1 * * 5085360728.750 2.051001297 0 RR 1
5085360908.750 1.14826e-05 0 167 0 -1 -1 * * 5085360908.750 2.051001268 0 RR 1
5085361088.750 5.33391e-05 0 168 0 -1 -1 * * 5085361088.750 2.051001238 0 RR 1
5085361268.750 -5.05745e-05 0 169 0 -1 -1 * * 5085361268.750 2.051001208 0 RR 1
5085361448.750 3.28636e-05 0 170 0 -1 -1 * * 5085361448.750 2.051001178 0 RR 1
5085361628.750 -7.56713e-06 0 171 0 -1 -1 * * 5085361628.750 2.051001148 0 RR 1
5085361808.750 -2.28269e-06 0 172 0 -1 -1 * * 5085361808.750 2.051001118 0 RR 1
5085361988.750 -4.76185e-06 0 173 0 -1 -1 * * 5085361988.750 2.051001087 0 RR 1
5085362168.750 -1.50738e-05 0 174 0 -1 -1 * * 5085362168.750 2.051001056 0 RR 1
5085362347.500 6.46795e-05 0 175 0 -1 -1 * * 5085362347.500 2.051001025 0 RR 1
5085362523.750 8.85122e-06 0 176 0 -1 -1 * * 5085362523.750 2.051000995 0 RR 1
5085362703.750 -2.5123e-05 0 177 0 -1 -1 * * 5085362703.750 2.051000963 0 RR 1
5085362882.500 3.92625e-05 0 178 0 -1 -1 * * 5085362882.500 2.051000932 0 RR 1
5085363102.500 -5.1291e-05 0 180 0 -1 -1 * * 5085363102.500 2.051000893 0 RR 1
5085363248.750 2.5916e-05 0 181 0 -1 -1 * * 5085363248.750 2.051000867 0 RR 1
5085363428.750 1.19381e-05 0 182 0 -1 -1 * * 5085363428.750 2.051000835 0 RR 1
5085363608.750 0.000103893 0 183 0 -1 -1 * * 5085363608.750 2.051000803 0 RR 1
5085363788.750 -3.93032e-05 0 184 0 -1 -1 * * 5085363788.750 2.051000771 0 RR 1
5085363968.750 -1.74049e-05 0 185 0 -1 -1 * * 5085363968.750 2.051000738 0 RR 1
5085364147.500 7.17317e-06 0 186 0 -1 -1 * * 5085364147.500 2.051000706 0 RR 1
5085364323.750 -7.51048e-06 0 187 0 -1 -1 * * 5085364323.750 2.051000674 0 RR 1
5085364503.750 9.79749e-06 0 188 0 -1 -1 * * 5085364503.750 2.051000641 0 RR 1
5085364683.750 3.6154e-05 0 189 0 -1 -1 * * 5085364683.750 2.051000608 0 RR 1
5085364863.750 2.69517e-05 0 190 0 -1 -1 * * 5085364863.750 2.051000575 0 RR 1
5085365043.750 -7.13422e-05 0 191 0 -1 -1 * * 5085365043.750 2.051000542 0 RR 1
5085365223.750 -1.29649e-05 0 192 0 -1 -1 * * 5085365223.750 2.051000509 0 RR 1
5085365403.750 -8.6176e-05 0 193 0 -1 -1 * * 5085365403.750 2.051000476 0 RR 1
5085365583.750 -8.79604e-05 0 194 0 -1 -1 * * 5085365583.750 2.051000443 0 RR 1
5085365763.750 -6.57965e-06 0 195 0 -1 -1 * * 5085365763.750 2.051000409 0 RR 1
5085365942.500 7.24726e-05 0 196 0 -1 -1 * * 5085365942.500 2.051000376 0 RR 1
5085366118.750 -6.31393e-06 0 197 0 -1 -1 * * 5085366118.750 2.051000343 0 RR 1
5085366298.750 3.37321e-05 0 198 0 -1 -1 * * 5085366298.750 2.051000309 0 RR 1
5085366478.750 2.72336e-05 0 199 0 -1 -1 * * 5085366478.750 2.051000276 0 RR 1
5085366657.500 9.86871e-05 0 200 0 -1 -1 * * 5085366657.500 2.051000242 0 RR 1
5085366877.500 -5.66783e-05 0 202 0 -1 -1 * * 5085366877.500 2.051000201 0 RR 1
5085367023.750 -3.14727e-05 0 203 0 -1 -1 * * 5085367023.750 2.051000173 0 RR 1
5085367203.750 4.32486e-05 0 204 0 -1 -1 * * 5085367203.750 2.051000139 0 RR 1
5085367383.750 3.49656e-05 0 205 0 -1 -1 * * 5085367383.750 2.051000106 0 RR 1
5085367563.750 1.52303e-05 0 206 0 -1 -1 * * 5085367563.750 2.051000072 0 RR 1
5085367743.750 -1.81631e-05 0 207 0 -1 -1 * * 5085367743.750 2.051000038 0 RR 1
5085367918.750 -1.15921e-05 0 208 0 -1 -1 * * 5085367918.750 2.051000005 0 RR 1
5085368098.750 -1.96473e-05 0 209 0 -1 -1 * * 5085368098.750 2.050999971 0 RR 1
5085368278.750 -9.15343e-05 0 210 0 -1 -1 * * 5085368278.750 2.050999937 0 RR 1
5085368458.750 3.09699e-05 0 211 0 -1 -1 * * 5085368458.750 2.050999903 0 RR 1
5085368638.750 3.25853e-05 0 212 0 -1 -1 * * 5085368638.750 2.050999869 0 RR 1
5085368818.750 -1.0056e-05 0 213 0 -1 -1 * * 5085368818.750 2.050999835 0 RR 1
5085368998.750 2.83276e-05 0 214 0 -1 -1 * * 5085368998.750 2.050999802 0 RR 1
5085369178.750 1.68959e-06 0 215 0 -1 -1 * * 5085369178.750 2.050999768 0 RR 1
5085369358.750 -1.40959e-05 0 216 0 -1 -1 * * 5085369358.750 2.050999734 0 RR 1
5085369538.750 -2.85495e-05 0 217 0 -1 -1 * * 5085369538.750 2.050999700 0 RR 1
5085369717.500 4.71462e-05 0 218 0 -1 -1 * * 5085369717.500 2.050999667 0 RR 1
5085369893.750 3.41714e-05 0 219 0 -1 -1 * * 5085369893.750 2.050999634 0 RR 1
5085370073.750 2.88834e-05 0 220 0 -1 -1 * * 5085370073.750 2.050999601 0 RR 1
5085370253.750 4.35639e-05 0 221 0 -1 -1 * * 5085370253.750 2.050999567 0 RR 1
5085370432.500 -5.87065e-05 0 222 0 -1 -1 * * 5085370432.500 2.050999534 0 RR 1
5085370652.500 6.37711e-05 0 224 0 -1 -1 * * 5085370652.500 2.050999493 0 RR 1
5085370798.750 -2.02297e-05 0 225 0 -1 -1 * * 5085370798.750 2.050999466 0 RR 1
5085370978.750 3.4206e-05 0 226 0 -1 -1 * * 5085370978.750 2.050999433 0 RR 1
5085371158.750 -3.2104e-05 0 227 0 -1 -1 * * 5085371158.750 2.050999400 0 RR 1
5085371338.750 -6.73982e-05 0 228 0 -1 -1 * * 5085371338.750 2.050999367 0 RR 1
5085371517.500 0.000110088 0 229 0 -1 -1 * * 5085371517.500 2.050999335 0 RR 1
5085371693.750 -3.6403e-05 0 230 0 -1 -1 * * 5085371693.750 2.050999303 0 RR 1
5085371873.750 4.75551e-05 0 231 0 -1 -1 * * 5085371873.750 2.050999270 0 RR 1
5085372053.750 -5.33792e-05 0 232 0 -1 -1 * * 5085372053.750 2.050999237 0 RR 1
5085372233.750 4.14401e-05 0 233 0 -1 -1 * * 5085372233.750 2.050999205 0 RR 1
5085372413.750 3.02088e-05 0 234 0 -1 -1 * * 5085372413.750 2.050999173 0 RR 1
5085372593.750 3.95196e-06 0 235 0 -1 -1 * * 5085372593.750 2.050999141 0 RR 1
5085372773.750 -3.97633e-05 0 236 0 -1 -1 * * 5085372773.750 2.050999109 0 RR 1
5085372953.750 -4.47641e-05 0 237 0 -1 -1 * * 5085372953.750 2.050999077 0 RR 1
5085373133.750 -3.33513e-05 0 238 0 -1 -1 * * 5085373133.750 2.050999046 0 RR 1
5085373312.500 1.29342e-05 0 239 0 -1 -1 * * 5085373312.500 2.050999014 0 RR 1
5085373488.750 4.70794e-05 0 240 0 -1 -1 * * 5085373488.750 2.050998984 0 RR 1
5085373668.750 -5.0352e-05 0 241 0 -1 -1 * * 5085373668.750 2.050998953 0 RR 1
5085373848.750 -3.0749e-05 0 242 0 -1 -1 * * 5085373848.750 2.050998922 0 RR 1
5085374028.750 -1.16044e-06 0 243 0 -1 -1 * * 5085374028.750 2.050998891 0 RR 1
5085374207.500 -4.80228e-05 0 244 0 -1 -1 * * 5085374207.500 2.050998861 0 RR 1
5085374427.500 0.000102068 0 246 0 -1 -1 * * 5085374427.500 2.050998824 0 RR 1
5085374573.750 -4.55638e-05 0 247 0 -1 -1 * * 5085374573.750 2.050998799 0 RR 1
5085374753.750 6.97472e-06 0 248 0 -1 -1 * * 5085374753.750 2.050998769 0 RR 1
5085374933.750 3.13975e-05 0 249 0 -1 -1 * * 5085374933.750 2.050998740 0 RR 1
5085375112.500 -2.84233e-05 0 250 0 -1 -1 * * 5085375112.500 2.050998710 0 RR 1
5085375288.750 1.10582e-05 0 251 0 -1 -1 * * 5085375288.750 2.050998682 0 RR 1
5085375468.750 6.38803e-05 0 252 0 -1 -1 * * 5085375468.750 2.050998653 0 RR 1
5085375648.750 -5.04191e-05 0 253 0 -1 -1 * * 5085375648.750 2.050998624 0 RR 1
5085375828.750 3.02818e-06 0 254 0 -1 -1 * * 5085375828.750 2.050998595 0 RR 1
5085376008.750 1.86489e-06 0 255 0 -1 -1 * * 5085376008.750 2.050998567 0 RR 1
5085376188.750 9.614e-06 0 256 0 -1 -1 * * 5085376188.750 2.050998539 0 RR 1
5085376368.750 3.22266e-06 0 257 0 -1 -1 * * 5085376368.750 2.050998511 0 RR 1
5085376548.750 -3.64077e-05 0 258 0 -1 -1 * * 5085376548.750 2.050998483 0 RR 1
5085376728.750 -8.23052e-05 0 259 0 -1 -1 * * 5085376728.750 2.050998456 0 RR 1
5085376907.500 -1.42227e-05 0 260 0 -1 -1 * * 5085376907.500 2.050998429 0 RR 1
5085377083.750 2.91858e-05 0 261 0 -1 -1 * * 5085377083.750 2.050998403 0 RR 1
5085377263.750 -1.31703e-05 0 262 0 -1 -1 * * 5085377263.750 2.050998377 0 RR 1
5085377443.750 -1.48844e-05 0 263 0 -1 -1 * * 5085377443.750 2.050998350 0 RR 1
5085377623.750 3.93361e-05 0 264 0 -1 -1 * * 5085377623.750 2.050998324 0 RR 1
5085377803.750 6.5224e-06 0 265 0 -1 -1 * * 5085377803.750 2.050998299 0 RR 1
5085377983.750 1.52774e-05 0 266 0 -1 -1 * * 5085377983.750 2.050998273 0 RR 1
5085443512.500 -1.23308e-05 0 267 0 -1 -1 * * 5085443512.500 2.051001803 0 RR 2
5085443658.750 -1.31296e-05 0 268 0 -1 -1 * * 5085443658.750 2.051001783 0 RR 2
5085443838.750 -2.11418e-05 0 269 0 -1 -1 * * 5085443838.750 2.051001759 0 RR 2
5085444018.750 -3.39923e-05 0 270 0 -1 -1 * * 5085444018.750 2.051001734 0 RR 2
5085444198.750 -4.48424e-06 0 271 0 -1 -1 * * 5085444198.750 2.051001708 0 RR 2
5085444377.500 -6.76491e-05 0 272 0 -1 -1 * * 5085444377.500 2.051001683 0 RR 2
5085444553.750 -7.60645e-06 0 273 0 -1 -1 * * 5085444553.750 2.051001658 0 RR 2
5085444733.750 -2.71513e-05 0 274 0 -1 -1 * * 5085444733.750 2.051001632 0 RR 2
5085444913.750 1.7251e-05 0 275 0 -1 -1 * * 5085444913.750 2.051001605 0 RR 2
5085445093.750 4.53096e-05 0 276 0 -1 -1 * * 5085445093.750 2.051001578 0 RR 2
5085445273.750 4.67595e-05 0 277 0 -1 -1 * * 5085445273.750 2.051001551 0 RR 2
5085445453.750 3.66355e-05 0 278 0 -1 -1 * * 5085445453.750 2.051001524 0 RR 2
5085445633.750 4.65861e-05 0 279 0 -1 -1 * * 5085445633.750 2.051001497 0 RR 2
5085445813.750 -3.74843e-05 0 280 0 -1 -1 * * 5085445813.750 2.051001469 0 RR 2
5085445993.750 4.3725e-05 0 281 0 -1 -1 * * 5085445993.750 2.051001441 0 RR 2
5085446173.750 -1.49064e-07 0 282 0 -1 -1 * * 5085446173.750 2.051001413 0 RR 2
5085446348.750 -4.90589e-06 0 283 0 -1 -1 * * 5085446348.750 2.051001385 0 RR 2
5085446528.750 -2.68075e-05 0 284 0 -1 -1 * * 5085446528.750 2.051001356 0 RR 2
5085446708.750 5.72745e-06 0 285 0 -1 -1 * * 5085446708.750 2.051001327 0 RR 2
5085446888.750 1.22546e-06 0 286 0 -1 -1 * * 5085446888.750 2.051001298 0 RR 2
5085447067.500 -9.46351e-05 0 287 0 -1 -1 * * 5085447067.500 2.051001269 0 RR 2
5085447287.500 -2.1083e-05 0 289 0 -1 -1 * * 5085447287.500 2.051001233 0 RR 2
5085447433.750 1.34132e-05 0 290 0 -1 -1 * * 5085447433.750 2.051001208 0 RR 2
5085447613.750 3.06892e-05 0 291 0 -1 -1 * * 5085447613.750 2.051001178 0 RR 2
5085447793.750 -2.21652e-05 0 292 0 -1 -1 * * 5085447793.750 2.051001148 0 RR 2
5085447973.750 8.00716e-05 0 293 0 -1 -1 * * 5085447973.750 2.051001117 0 RR 2
5085448152.500 -3.81422e-05 0 294 0 -1 -1 * * 5085448152.500 2.051001087 0 RR 2
5085448328.750 1.47443e-05 0 295 0 -1 -1 * * 5085448328.750 2.051001057 0 RR 2
5085448508.750 -2.79288e-05 0 296 0 -1 -1 * * 5085448508.750 2.051001026 0 RR 2
5085448688.750 -2.22062e-05 0 297 0 -1 -1 * * 5085448688.750 2.051000995 0 RR 2
5085448868.750 -1.40141e-05 0 298 0 -1 -1 * * 5085448868.750 2.051000963 0 RR 2
5085449048.750 -2.79937e-05 0 299 0 -1 -1 * * 5085449048.750 2.051000932 0 RR 2
5085449228.750 -6.77928e-05 0 300 0 -1 -1 * * 5085449228.750 2.051000900 0 RR 2
5085449408.750 -4.72666e-05 0 301 0 -1 -1 * * 5085449408.750 2.051000868 0 RR 2
5085449588.750 -3.64965e-06 0 302 0 -1 -1 * * 5085449588.750 2.051000836 0 RR 2
5085449768.750 -4.03953e-06 0 303 0 -1 -1 * * 5085449768.750 2.051000804 0 RR 2
5085449947.500 3.45387e-05 0 304 0 -1 -1 * * 5085449947.500 2.051000772 0 RR 2
5085450123.750 -1.34043e-05 0 305 0 -1 -1 * * 5085450123.750 2.051000740 0 RR 2
5085450303.750 -3.98964e-05 0 306 0 -1 -1 * * 5085450303.750 2.051000708 0 RR 2
5085450483.750 6.15269e-05 0 307 0 -1 -1 * * 5085450483.750 2.051000675 0 RR 2
5085450663.750 -4.80357e-05 0 308 0 -1 -1 * * 5085450663.750 2.051000642 0 RR 2
5085450842.500 7.54071e-05 0 309 0 -1 -1 * * 5085450842.500 2.051000609 0 RR 2
5085451062.500 1.05822e-05 0 311 0 -1 -1 * * 5085451062.500 2.051000569 0 RR 2
5085451208.750 1.28592e-05 0 312 0 -1 -1 * * 5085451208.750 2.051000542 0 RR 2
5085451388.750 3.0967e-05 0 313 0 -1 -1 * * 5085451388.750 2.051000509 0 RR 2
5085451568.750 -4.83123e-05 0 314 0 -1 -1 * * 5085451568.750 2.051000476 0 RR 2
5085451747.500 -4.81255e-05 0 315 0 -1 -1 * * 5085451747.500 2.051000443 0 RR 2
5085451923.750 -7.97006e-05 0 316 0 -1 -1 * * 5085451923.750 2.051000410 0 RR 2
5085452103.750 -3.06876e-05 0 317 0 -1 -1 * * 5085452103.750 2.051000376 0 RR 2
5085452283.750 -4.77177e-05 0 318 0 -1 -1 * * 5085452283.750 2.051000343 0 RR 2
5085452463.750 -1.85692e-05 0 319 0 -1 -1 * * 5085452463.750 2.051000309 0 RR 2
5085452643.750 1.49213e-05 0 320 0 -1 -1 * * 5085452643.750 2.051000275 0 RR 2
5085452823.750 -1.19012e-05 0 321 0 -1 -1 * * 5085452823.750 2.051000242 0 RR 2
5085453003.750 8.64945e-06 0 322 0 -1 -1 * * 5085453003.750 2.051000208 0 RR 2
5085453183.750 -9.10168e-05 0 323 0 -1 -1 * * 5085453183.750 2.051000174 0 RR 2
5085453363.750 -3.75742e-05 0 324 0 -1 -1 * * 5085453363.750 2.051000140 0 RR 2
5085453542.500 1.25689e-05 0 325 0 -1 -1 * * 5085453542.500 2.051000107 0 RR 2
5085453718.750 -7.7204e-05 0 326 0 -1 -1 * * 5085453718.750 2.051000073 0 RR 2
5085453898.750 -2.72057e-05 0 327 0 -1 -1 * * 5085453898.750 2.051000040 0 RR 2
5085454078.750 -9.72091e-05 0 328 0 -1 -1 * * 5085454078.750 2.051000006 0 RR 2
5085454258.750 -6.487e-05 0 329 0 -1 -1 * * 5085454258.750 2.050999972 0 RR 2
5085454438.750 -5.53277e-05 0 330 0 -1 -1 * * 5085454438.750 2.050999938 0 RR 2
5085454617.500 3.55642e-05 0 331 0 -1 -1 * * 5085454617.500 2.050999904 0 RR 2
5085454837.500 0.000108001 0 333 0 -1 -1 * * 5085454837.500 2.050999863 0 RR 2
5085454983.750 -9.06024e-06 0 334 0 -1 -1 * * 5085454983.750 2.050999835 0 RR 2
5085455163.750 -5.52496e-05 0 335 0 -1 -1 * * 5085455163.750 2.050999801 0 RR 2
5085455342.500 4.20093e-05 0 336 0 -1 -1 * * 5085455342.500 2.050999768 0 RR 2
5085455518.750 -3.25141e-05 0 337 0 -1 -1 * * 5085455518.750 2.050999735 0 RR 2
5085455698.750 -7.89017e-06 0 338 0 -1 -1 * * 5085455698.750 2.050999701 0 RR 2
5085455878.750 -4.92e-05 0 339 0 -1 -1 * * 5085455878.750 2.050999667 0 RR 2
5085456058.750 -0.000123297 0 340 0 -1 -1 * * 5085456058.750 2.050999634 0 RR 2
5085456238.750 8.70038e-05 0 341 0 -1 -1 * * 5085456238.750 2.050999600 0 RR 2
5085456418.750 7.53377e-05 0 342 0 -1 -1 * * 5085456418.750 2.050999567 0 RR 2
5085456598.750 -8.20974e-06 0 343 0 -1 -1 * * 5085456598.750 2.050999534 0 RR 2
5085456778.750 -1.7232e-05 0 344 0 -1 -1 * * 5085456778.750 2.050999500 0 RR 2
5085456958.750 -5.18732e-07 0 345 0 -1 -1 * * 5085456958.750 2.050999467 0 RR 2
5085457137.500 -1.54242e-05 0 346 0 -1 -1 * * 5085457137.500 2.050999434 0 RR 2
5085457313.750 -4.69752e-05 0 347 0 -1 -1 * * 5085457313.750 2.050999402 0 RR 2
5085457493.750 8.77486e-07 0 348 0 -1 -1 * * 5085457493.750 2.050999369 0 RR 2
5085457673.750 -5.22543e-07 0 349 0 -1 -1 * * 5085457673.750 2.050999336 0 RR 2
5085457853.750 7.58944e-06 0 350 0 -1 -1 * * 5085457853.750 2.050999303 0 RR 2
5085458033.750 -7.37327e-06 0 351 0 -1 -1 * * 5085458033.750 2.050999271 0 RR 2
5085458213.750 -4.37385e-05 0 352 0 -1 -1 * * 5085458213.750 2.050999238 0 RR 2
5085458392.500 7.62712e-05 0 353 0 -1 -1 * * 5085458392.500 2.050999206 0 RR 2
5085458612.500 1.33215e-05 0 355 0 -1 -1 * * 5085458612.500 2.050999167 0 RR 2
5085458758.750 1.3563e-05 0 356 0 -1 -1 * * 5085458758.750 2.050999141 0 RR 2
5085458938.750 -9.39256e-05 0 357 0 -1 -1 * * 5085458938.750 2.050999109 0 RR 2
5085459117.500 -6.29161e-05 0 358 0 -1 -1 * * 5085459117.500 2.050999077 0 RR 2
5085459293.750 -3.79307e-06 0 359 0 -1 -1 * * 5085459293.750 2.050999046 0 RR 2
5085459473.750 -5.06804e-05 0 360 0 -1 -1 * * 5085459473.750 2.050999015 0 RR 2
5085459653.750 -1.88252e-06 0 361 0 -1 -1 * * 5085459653.750 2.050998984 0 RR 2
5085459833.750 5.08858e-06 0 362 0 -1 -1 * * 5085459833.750 2.050998953 0 RR 2
5085460013.750 2.92331e-05 0 363 0 -1 -1 * * 5085460013.750 2.050998922 0 RR 2
5085460193.750 -9.02389e-05 0 364 0 -1 -1 * * 5085460193.750 2.050998891 0 RR 2
5085460373.750 -2.61787e-05 0 365 0 -1 -1 * * 5085460373.750 2.050998860 0 RR 2
5085460553.750 6.83567e-05 0 366 0 -1 -1 * * 5085460553.750 2.050998830 0 RR 2
5085460733.750 5.94275e-05 0 367 0 -1 -1 * * 5085460733.750 2.050998800 0 RR 2
5085460912.500 -1.57175e-05 0 368 0 -1 -1 * * 5085460912.500 2.050998770 0 RR 2
5085461088.750 2.30264e-05 0 369 0 -1 -1 * * 5085461088.750 2.050998741 0 RR 2
5085461268.750 3.68576e-05 0 370 0 -1 -1 * * 5085461268.750 2.050998712 0 RR 2
5085461448.750 -1.10234e-05 0 371 0 -1 -1 * * 5085461448.750 2.050998682 0 RR 2
5085461628.750 -0.000111163 0 372 0 -1 -1 * * 5085461628.750 2.050998653 0 RR 2
5085461808.750 -9.09071e-05 0 373 0 -1 -1 * * 5085461808.750 2.050998625 0 RR 2
5085461988.750 1.03981e-05 0 374 0 -1 -1 * * 5085461988.750 2.050998596 0 RR 2
5085462168.750 9.28451e-06 0 375 0 -1 -1 * * 5085462168.750 2.050998568 0 RR 2
5085462387.500 -4.47257e-05 0 377 0 -1 -1 * * 5085462387.500 2.050998534 0 RR 2
5085462533.750 2.82793e-05 0 378 0 -1 -1 * * 5085462533.750 2.050998511 0 RR 2
5085462712.500 -5.38557e-05 0 379 0 -1 -1 * * 5085462712.500 2.050998484 0 RR 2
5085462888.750 -0.000102671 0 380 0 -1 -1 * * 5085462888.750 2.050998457 0 RR 2
5085463068.750 -1.03511e-05 0 381 0 -1 -1 * * 5085463068.750 2.050998430 0 RR 2
5085463248.750 -1.10143e-05 0 382 0 -1 -1 * * 5085463248.750 2.050998403 0 RR 2
5085463428.750 -0.000117329 0 383 0 -1 -1 * * 5085463428.750 2.050998376 0 RR 2
5085463608.750 -3.1278e-05 0 384 0 -1 -1 * * 5085463608.750 2.050998350 0 RR 2
5085463788.750 -0.00010827 0 385 0 -1 -1 * * 5085463788.750 2.050998324 0 RR 2
5085463968.750 -2.19175e-05 0 386 0 -1 -1 * * 5085463968.750 2.050998299 0 RR 2
5085464148.750 1.4676e-05 0 387 0 -1 -1 * * 5085464148.750 2.050998273 0 RR 2
5085464328.750 -2.24858e-05 0 388 0 -1 -1 * * 5085464328.750 2.050998248 0 RR 2
5085464507.500 -1.69491e-06 0 389 0 -1 -1 * * 5085464507.500 2.050998224 0 RR 2
5085464683.750 -2.49725e-05 0 390 0 -1 -1 * * 5085464683.750 2.050998200 0 RR 2
5085464863.750 -2.25287e-05 0 391 0 -1 -1 * * 5085464863.750 2.050998175 0 RR 2
5085465043.750 3.67507e-05 0 392 0 -1 -1 * * 5085465043.750 2.050998152 0 RR 2
5085465223.750 -7.55826e-05 0 393 0 -1 -1 * * 5085465223.750 2.050998128 0 RR 2
5085465403.750 -1.0728e-05 0 394 0 -1 -1 * * 5085465403.750 2.050998105 0 RR 2
5085465583.750 -9.50764e-05 0 395 0 -1 -1 * * 5085465583.750 2.050998082 0 RR 2
5085465763.750 5.30023e-05 0 396 0 -1 -1 * * 5085465763.750 2.050998059 0 RR 2
5085465943.750 -3.95729e-05 0 397 0 -1 -1 * * 5085465943.750 2.050998037 0 RR 2
