# vis: TOI732_small.ms
# scan: 267~397
# correlation: LL
# channel average: 2048
# time average: 1e+08s
# baseline average: True
# spw average: True
# From plot 0
# x y chan scan field ant1 ant2 ant1name ant2name time freq spw corr obs
# Time Real None None None None None None None MJD(seconds) GHz None None None
5085443512.500 -3.31611e-05 0 267 0 -1 -1 * * 5085443512.500 2.051001803 0 LL 2
5085443658.750 -9.98146e-05 0 268 0 -1 -1 * * 5085443658.750 2.051001783 0 LL 2
5085443838.750 3.49876e-05 0 269 0 -1 -1 * * 5085443838.750 2.051001759 0 LL 2
5085444018.750 -7.77582e-07 0 270 0 -1 -1 * * 5085444018.750 2.051001734 0 LL 2
5085444198.750 -5.41812e-05 0 271 0 -1 -1 * * 5085444198.750 2.051001708 0 LL 2
5085444377.500 -1.19858e-05 0 272 0 -1 -1 * * 5085444377.500 2.051001683 0 LL 2
5085444553.750 -7.17991e-05 0 273 0 -1 -1 * * 5085444553.750 2.051001658 0 LL 2
5085444733.750 2.56072e-05 0 274 0 -1 -1 * * 5085444733.750 2.051001632 0 LL 2
5085444913.750 -2.05411e-05 0 275 0 -1 -1 * * 5085444913.750 2.051001605 0 LL 2
5085445093.750 -6.61758e-05 0 276 0 -1 -1 * * 5085445093.750 2.051001578 0 LL 2
5085445273.750 5.04173e-05 0 277 0 -1 -1 * * 5085445273.750 2.051001551 0 LL 2
5085445453.750 -5.7667e-05 0 278 0 -1 -1 * * 5085445453.750 2.051001524 0 LL 2
5085445633.750 -2.62202e-05 0 279 0 -1 -1 * * 5085445633.750 2.051001497 0 LL 2
5085445813.750 -2.62964e-05 0 280 0 -1 -1 * * 5085445813.750 2.051001469 0 LL 2
5085445993.750 -3.32736e-05 0 281 0 -1 -1 * * 5085445993.750 2.051001441 0 LL 2
5085446173.750 -3.30916e-05 0 282 0 -1 -1 * * 5085446173.750 2.051001413 0 LL 2
5085446348.750 -4.60814e-06 0 283 0 -1 -1 * * 5085446348.750 2.051001385 0 LL 2
5085446528.750 -6.62597e-05 0 284 0 -1 -1 * * 5085446528.750 2.051001356 0 LL 2
5085446708.750 7.88921e-06 0 285 0 -1 -1 * * 5085446708.750 2.051001327 0 LL 2
5085446888.750 -4.5865e-07 0 286 0 -1 -1 * * 5085446888.750 2.051001298 0 LL 2
5085447067.500 -9.51094e-06 0 287 0 -1 -1 * * 5085447067.500 2.051001269 0 LL 2
5085447287.500 1.12808e-05 0 289 0 -1 -1 * * 5085447287.500 2.051001233 0 LL 2
5085447433.750 -1.83241e-05 0 290 0 -1 -1 * * 5085447433.750 2.051001208 0 LL 2
5085447613.750 3.07517e-05 0 291 0 -1 -1 * * 5085447613.750 2.051001178 0 LL 2
5085447793.750 -2.03022e-05 0 292 0 -1 -1 * * 5085447793.750 2.051001148 0 LL 2
5085447973.750 -8.97914e-06 0 293 0 -1 -1 * * 5085447973.750 2.051001117 0 LL 2
5085448152.500 5.71853e-05 0 294 0 -1 -1 * * 5085448152.500 2.051001087 0 LL 2
5085448328.750 -8.4389e-06 0 295 0 -1 -1 * * 5085448328.750 2.051001057 0 LL 2
5085448508.750 -1.80425e-05 0 296 0 -1 -1 * * 5085448508.750 2.051001026 0 LL 2
5085448688.750 -3.33731e-05 0 297 0 -1 -1 * * 5085448688.750 2.051000995 0 LL 2
5085448868.750 -4.7321e-05 0 298 0 -1 -1 * * 5085448868.750 2.051000963 0 LL 2
5085449048.750 -1.96627e-05 0 299 0 -1 -1 * * 5085449048.750 2.051000932 0 LL 2
5085449228.750 -2.95503e-05 0 300 0 -1 -1 * * 5085449228.750 2.051000900 0 LL 2
5085449408.750 -1.66213e-05 0 301 0 -1 -1 * * 5085449408.750 2.051000868 0 LL 2
5085449588.750 1.09364e-05 0 302 0 -1 -1 * * 5085449588.750 2.051000836 0 LL 2
5085449768.750 -1.89975e-05 0 303 0 -1 -1 * * 5085449768.750 2.051000804 0 LL 2
5085449947.500 -2.0459e-07 0 304 0 -1 -1 * * 5085449947.500 2.051000772 0 LL 2
5085450123.750 -6.98817e-05 0 305 0 -1 -1 * * 5085450123.750 2.051000740 0 LL 2
5085450303.750 -6.2468e-06 0 306 0 -1 -1 * * 5085450303.750 2.051000708 0 LL 2
5085450483.750 -4.07437e-06 0 307 0 -1 -1 * * 5085450483.750 2.051000675 0 LL 2
5085450663.750 -5.59746e-05 0 308 0 -1 -1 * * 5085450663.750 2.051000642 0 LL 2
5085450842.500 -5.76383e-06 0 309 0 -1 -1 * * 5085450842.500 2.051000609 0 LL 2
5085451062.500 -1.71105e-05 0 311 0 -1 -1 * * 5085451062.500 2.051000569 0 LL 2
5085451208.750 1.44397e-06 0 312 0 -1 -1 * * 5085451208.750 2.051000542 0 LL 2
5085451388.750 4.26816e-05 0 313 0 -1 -1 * * 5085451388.750 2.051000509 0 LL 2
5085451568.750 -5.00888e-05 0 314 0 -1 -1 * * 5085451568.750 2.051000476 0 LL 2
5085451747.500 3.37819e-05 0 315 0 -1 -1 * * 5085451747.500 2.051000443 0 LL 2
5085451923.750 6.38498e-07 0 316 0 -1 -1 * * 5085451923.750 2.051000410 0 LL 2
5085452103.750 2.72018e-05 0 317 0 -1 -1 * * 5085452103.750 2.051000376 0 LL 2
5085452283.750 -2.11359e-06 0 318 0 -1 -1 * * 5085452283.750 2.051000343 0 LL 2
5085452463.750 1.74492e-05 0 319 0 -1 -1 * * 5085452463.750 2.051000309 0 LL 2
5085452643.750 2.54984e-05 0 320 0 -1 -1 * * 5085452643.750 2.051000275 0 LL 2
5085452823.750 5.82157e-06 0 321 0 -1 -1 * * 5085452823.750 2.051000242 0 LL 2
5085453003.750 -5.22049e-05 0 322 0 -1 -1 * * 5085453003.750 2.051000208 0 LL 2
5085453183.750 6.74959e-06 0 323 0 -1 -1 * * 5085453183.750 2.051000174 0 LL 2
5085453363.750 1.88105e-05 0 324 0 -1 -1 * * 5085453363.750 2.051000140 0 LL 2
5085453542.500 7.38067e-05 0 325 0 -1 -1 * * 5085453542.500 2.051000107 0 LL 2
5085453718.750 -5.22404e-05 0 326 0 -1 -1 * * 5085453718.750 2.051000073 0 LL 2
5085453898.750 -1.47313e-06 0 327 0 -1 -1 * * 5085453898.750 2.051000040 0 LL 2
5085454078.750 -3.21286e-05 0 328 0 -1 -1 * * 5085454078.750 2.051000006 0 LL 2
5085454258.750 -1.84107e-06 0 329 0 -1 -1 * * 5085454258.750 2.050999972 0 LL 2
5085454438.750 -6.48287e-06 0 330 0 -1 -1 * * 5085454438.750 2.050999938 0 LL 2
5085454617.500 2.59204e-06 0 331 0 -1 -1 * * 5085454617.500 2.050999904 0 LL 2
5085454837.500 -4.98012e-06 0 333 0 -1 -1 * * 5085454837.500 2.050999863 0 LL 2
5085454983.750 -4.88794e-05 0 334 0 -1 -1 * * 5085454983.750 2.050999835 0 LL 2
5085455163.750 -6.94879e-05 0 335 0 -1 -1 * * 5085455163.750 2.050999801 0 LL 2
5085455342.500 -4.12874e-05 0 336 0 -1 -1 * * 5085455342.500 2.050999768 0 LL 2
5085455518.750 1.30082e-05 0 337 0 -1 -1 * * 5085455518.750 2.050999735 0 LL 2
5085455698.750 -6.10011e-06 0 338 0 -1 -1 * * 5085455698.750 2.050999701 0 LL 2
5085455878.750 -6.37873e-05 0 339 0 -1 -1 * * 5085455878.750 2.050999667 0 LL 2
5085456058.750 -2.19197e-05 0 340 0 -1 -1 * * 5085456058.750 2.050999634 0 LL 2
5085456238.750 5.67364e-06 0 341 0 -1 -1 * * 5085456238.750 2.050999600 0 LL 2
5085456418.750 -8.19691e-05 0 342 0 -1 -1 * * 5085456418.750 2.050999567 0 LL 2
5085456598.750 3.4963e-05 0 343 0 -1 -1 * * 5085456598.750 2.050999534 0 LL 2
5085456778.750 5.74215e-05 0 344 0 -1 -1 * * 5085456778.750 2.050999500 0 LL 2
5085456958.750 -4.33191e-05 0 345 0 -1 -1 * * 5085456958.750 2.050999467 0 LL 2
5085457137.500 2.83703e-05 0 346 0 -1 -1 * * 5085457137.500 2.050999434 0 LL 2
5085457313.750 6.21286e-05 0 347 0 -1 -1 * * 5085457313.750 2.050999402 0 LL 2
5085457493.750 -5.42455e-05 0 348 0 -1 -1 * * 5085457493.750 2.050999369 0 LL 2
5085457673.750 5.05448e-05 0 349 0 -1 -1 * * 5085457673.750 2.050999336 0 LL 2
5085457853.750 -3.17964e-05 0 350 0 -1 -1 * * 5085457853.750 2.050999303 0 LL 2
5085458033.750 1.1464e-05 0 351 0 -1 -1 * * 5085458033.750 2.050999271 0 LL 2
5085458213.750 -1.36672e-05 0 352 0 -1 -1 * * 5085458213.750 2.050999238 0 LL 2
5085458392.500 -3.16932e-05 0 353 0 -1 -1 * * 5085458392.500 2.050999206 0 LL 2
5085458612.500 -5.69678e-05 0 355 0 -1 -1 * * 5085458612.500 2.050999167 0 LL 2
5085458758.750 -4.30553e-05 0 356 0 -1 -1 * * 5085458758.750 2.050999141 0 LL 2
5085458938.750 -0.000100969 0 357 0 -1 -1 * * 5085458938.750 2.050999109 0 LL 2
5085459117.500 3.18627e-06 0 358 0 -1 -1 * * 5085459117.500 2.050999077 0 LL 2
5085459293.750 2.52974e-05 0 359 0 -1 -1 * * 5085459293.750 2.050999046 0 LL 2
5085459473.750 -8.76448e-05 0 360 0 -1 -1 * * 5085459473.750 2.050999015 0 LL 2
5085459653.750 4.30654e-05 0 361 0 -1 -1 * * 5085459653.750 2.050998984 0 LL 2
5085459833.750 7.54248e-06 0 362 0 -1 -1 * * 5085459833.750 2.050998953 0 LL 2
5085460013.750 -1.74534e-05 0 363 0 -1 -1 * * 5085460013.750 2.050998922 0 LL 2
5085460193.750 3.31961e-05 0 364 0 -1 -1 * * 5085460193.750 2.050998891 0 LL 2
5085460373.750 -4.95689e-05 0 365 0 -1 -1 * * 5085460373.750 2.050998860 0 LL 2
5085460553.750 4.95983e-05 0 366 0 -1 -1 * * 5085460553.750 2.050998830 0 LL 2
5085460733.750 -1.51223e-05 0 367 0 -1 -1 * * 5085460733.750 2.050998800 0 LL 2
5085460912.500 8.90018e-05 0 368 0 -1 -1 * * 5085460912.500 2.050998770 0 LL 2
5085461088.750 4.61369e-05 0 369 0 -1 -1 * * 5085461088.750 2.050998741 0 LL 2
5085461268.750 1.79382e-05 0 370 0 -1 -1 * * 5085461268.750 2.050998712 0 LL 2
5085461448.750 -9.56261e-05 0 371 0 -1 -1 * * 5085461448.750 2.050998682 0 LL 2
5085461628.750 3.96865e-05 0 372 0 -1 -1 * * 5085461628.750 2.050998653 0 LL 2
5085461808.750 -1.7254e-05 0 373 0 -1 -1 * * 5085461808.750 2.050998625 0 LL 2
5085461988.750 -7.89677e-05 0 374 0 -1 -1 * * 5085461988.750 2.050998596 0 LL 2
5085462168.750 3.63165e-05 0 375 0 -1 -1 * * 5085462168.750 2.050998568 0 LL 2
5085462387.500 -0.000107479 0 377 0 -1 -1 * * 5085462387.500 2.050998534 0 LL 2
5085462533.750 -0.000107962 0 378 0 -1 -1 * * 5085462533.750 2.050998511 0 LL 2
5085462712.500 7.69065e-05 0 379 0 -1 -1 * * 5085462712.500 2.050998484 0 LL 2
5085462888.750 2.83858e-06 0 380 0 -1 -1 * * 5085462888.750 2.050998457 0 LL 2
5085463068.750 5.5806e-05 0 381 0 -1 -1 * * 5085463068.750 2.050998430 0 LL 2
5085463248.750 -0.00010355 0 382 0 -1 -1 * * 5085463248.750 2.050998403 0 LL 2
5085463428.750 -1.49338e-05 0 383 0 -1 -1 * * 5085463428.750 2.050998376 0 LL 2
5085463608.750 2.50237e-05 0 384 0 -1 -1 * * 5085463608.750 2.050998350 0 LL 2
5085463788.750 6.30907e-05 0 385 0 -1 -1 * * 5085463788.750 2.050998324 0 LL 2
5085463968.750 -7.67242e-05 0 386 0 -1 -1 * * 5085463968.750 2.050998299 0 LL 2
5085464148.750 -5.53149e-06 0 387 0 -1 -1 * * 5085464148.750 2.050998273 0 LL 2
5085464328.750 1.70184e-05 0 388 0 -1 -1 * * 5085464328.750 2.050998248 0 LL 2
5085464507.500 -3.22784e-05 0 389 0 -1 -1 * * 5085464507.500 2.050998224 0 LL 2
5085464683.750 -0.000157997 0 390 0 -1 -1 * * 5085464683.750 2.050998200 0 LL 2
5085464863.750 -1.86041e-05 0 391 0 -1 -1 * * 5085464863.750 2.050998175 0 LL 2
5085465043.750 -4.72176e-05 0 392 0 -1 -1 * * 5085465043.750 2.050998152 0 LL 2
5085465223.750 -5.5922e-05 0 393 0 -1 -1 * * 5085465223.750 2.050998128 0 LL 2
5085465403.750 -2.49212e-05 0 394 0 -1 -1 * * 5085465403.750 2.050998105 0 LL 2
5085465583.750 -0.000125384 0 395 0 -1 -1 * * 5085465583.750 2.050998082 0 LL 2
5085465763.750 4.34758e-05 0 396 0 -1 -1 * * 5085465763.750 2.050998059 0 LL 2
5085465943.750 5.70296e-05 0 397 0 -1 -1 * * 5085465943.750 2.050998037 0 LL 2
