# vis: TOI732_small.ms
# correlation: LL
# channel average: 2048
# time average: 1e+08s
# baseline average: True
# spw average: True
# From plot 0
# x y chan scan field ant1 ant2 ant1name ant2name time freq spw corr obs
# Time Real None None None None None None None MJD(seconds) GHz None None None
5085267592.500 9.75156e-05 0 5 0 -1 -1 * * 5085267592.500 2.051002221 0 LL 0
5085267738.750 1.38194e-05 0 6 0 -1 -1 * * 5085267738.750 2.051002206 0 LL 0
5085267918.750 -3.34559e-05 0 7 0 -1 -1 * * 5085267918.750 2.051002189 0 LL 0
5085268098.750 -5.61582e-05 0 8 0 -1 -1 * * 5085268098.750 2.051002170 0 LL 0
5085268278.750 -2.61782e-05 0 9 0 -1 -1 * * 5085268278.750 2.051002152 0 LL 0
5085268458.750 5.56694e-05 0 10 0 -1 -1 * * 5085268458.750 2.051002133 0 LL 0
5085268638.750 -6.94926e-05 0 11 0 -1 -1 * * 5085268638.750 2.051002114 0 LL 0
5085268818.750 1.72103e-05 0 12 0 -1 -1 * * 5085268818.750 2.051002094 0 LL 0
5085268998.750 4.7374e-05 0 13 0 -1 -1 * * 5085268998.750 2.051002074 0 LL 0
5085269177.500 8.92068e-05 0 14 0 -1 -1 * * 5085269177.500 2.051002054 0 LL 0
5085269353.750 7.55743e-05 0 15 0 -1 -1 * * 5085269353.750 2.051002033 0 LL 0
5085269533.750 -8.97285e-06 0 16 0 -1 -1 * * 5085269533.750 2.051002012 0 LL 0
5085269713.750 8.71192e-05 0 17 0 -1 -1 * * 5085269713.750 2.051001991 0 LL 0
5085269893.750 6.6064e-05 0 18 0 -1 -1 * * 5085269893.750 2.051001969 0 LL 0
5085270073.750 7.83823e-06 0 19 0 -1 -1 * * 5085270073.750 2.051001947 0 LL 0
5085270253.750 4.68048e-05 0 20 0 -1 -1 * * 5085270253.750 2.051001925 0 LL 0
5085270433.750 -1.16209e-05 0 21 0 -1 -1 * * 5085270433.750 2.051001902 0 LL 0
5085270613.750 2.95618e-05 0 22 0 -1 -1 * * 5085270613.750 2.051001879 0 LL 0
5085270793.750 -0.000103471 0 23 0 -1 -1 * * 5085270793.750 2.051001855 0 LL 0
5085270972.500 1.67432e-05 0 24 0 -1 -1 * * 5085270972.500 2.051001832 0 LL 0
5085271148.750 1.67368e-05 0 25 0 -1 -1 * * 5085271148.750 2.051001808 0 LL 0
5085271367.500 -4.40065e-05 0 27 0 -1 -1 * * 5085271367.500 2.051001778 0 LL 0
5085271513.750 2.49536e-05 0 28 0 -1 -1 * * 5085271513.750 2.051001758 0 LL 0
5085271693.750 2.04858e-05 0 29 0 -1 -1 * * 5085271693.750 2.051001733 0 LL 0
5085271873.750 3.15461e-05 0 30 0 -1 -1 * * 5085271873.750 2.051001708 0 LL 0
5085272053.750 7.49626e-05 0 31 0 -1 -1 * * 5085272053.750 2.051001682 0 LL 0
5085272233.750 3.30222e-05 0 32 0 -1 -1 * * 5085272233.750 2.051001657 0 LL 0
5085272413.750 -1.39486e-05 0 33 0 -1 -1 * * 5085272413.750 2.051001630 0 LL 0
5085272593.750 -2.43379e-05 0 34 0 -1 -1 * * 5085272593.750 2.051001604 0 LL 0
5085272772.500 -3.86106e-05 0 35 0 -1 -1 * * 5085272772.500 2.051001577 0 LL 0
5085272948.750 9.12933e-05 0 36 0 -1 -1 * * 5085272948.750 2.051001551 0 LL 0
5085273128.750 2.831e-05 0 37 0 -1 -1 * * 5085273128.750 2.051001524 0 LL 0
5085273308.750 9.78956e-07 0 38 0 -1 -1 * * 5085273308.750 2.051001496 0 LL 0
5085273488.750 -2.87636e-05 0 39 0 -1 -1 * * 5085273488.750 2.051001468 0 LL 0
5085273668.750 6.79755e-05 0 40 0 -1 -1 * * 5085273668.750 2.051001440 0 LL 0
5085273848.750 1.82959e-06 0 41 0 -1 -1 * * 5085273848.750 2.051001412 0 LL 0
5085274028.750 3.25115e-05 0 42 0 -1 -1 * * 5085274028.750 2.051001384 0 LL 0
5085274208.750 -2.97922e-05 0 43 0 -1 -1 * * 5085274208.750 2.051001355 0 LL 0
5085274388.750 -6.57671e-05 0 44 0 -1 -1 * * 5085274388.750 2.051001326 0 LL 0
5085274567.500 5.39639e-06 0 45 0 -1 -1 * * 5085274567.500 2.051001297 0 LL 0
5085274743.750 -1.00163e-05 0 46 0 -1 -1 * * 5085274743.750 2.051001268 0 LL 0
5085274922.500 -4.07835e-05 0 47 0 -1 -1 * * 5085274922.500 2.051001239 0 LL 0
5085275142.500 8.36723e-05 0 49 0 -1 -1 * * 5085275142.500 2.051001202 0 LL 0
5085275288.750 2.69716e-05 0 50 0 -1 -1 * * 5085275288.750 2.051001178 0 LL 0
5085275468.750 5.48731e-06 0 51 0 -1 -1 * * 5085275468.750 2.051001147 0 LL 0
5085275648.750 -8.48343e-06 0 52 0 -1 -1 * * 5085275648.750 2.051001117 0 LL 0
5085275828.750 -1.1483e-05 0 53 0 -1 -1 * * 5085275828.750 2.051001086 0 LL 0
5085276008.750 -6.90142e-05 0 54 0 -1 -1 * * 5085276008.750 2.051001055 0 LL 0
5085276188.750 -4.687e-05 0 55 0 -1 -1 * * 5085276188.750 2.051001024 0 LL 0
5085276367.500 -5.75287e-05 0 56 0 -1 -1 * * 5085276367.500 2.051000993 0 LL 0
5085276543.750 6.07245e-05 0 57 0 -1 -1 * * 5085276543.750 2.051000963 0 LL 0
5085276723.750 2.61661e-06 0 58 0 -1 -1 * * 5085276723.750 2.051000931 0 LL 0
5085276903.750 4.44711e-05 0 59 0 -1 -1 * * 5085276903.750 2.051000899 0 LL 0
5085277083.750 3.41098e-05 0 60 0 -1 -1 * * 5085277083.750 2.051000868 0 LL 0
5085277263.750 5.68473e-05 0 61 0 -1 -1 * * 5085277263.750 2.051000836 0 LL 0
5085277443.750 6.8178e-06 0 62 0 -1 -1 * * 5085277443.750 2.051000803 0 LL 0
5085277623.750 -6.6947e-06 0 63 0 -1 -1 * * 5085277623.750 2.051000771 0 LL 0
5085277803.750 1.77943e-05 0 64 0 -1 -1 * * 5085277803.750 2.051000739 0 LL 0
5085277983.750 -3.75751e-05 0 65 0 -1 -1 * * 5085277983.750 2.051000706 0 LL 0
5085278163.750 -2.40666e-05 0 66 0 -1 -1 * * 5085278163.750 2.051000673 0 LL 0
5085278338.750 1.15279e-05 0 67 0 -1 -1 * * 5085278338.750 2.051000642 0 LL 0
5085278518.750 -8.83193e-05 0 68 0 -1 -1 * * 5085278518.750 2.051000609 0 LL 0
5085278697.500 3.40292e-05 0 69 0 -1 -1 * * 5085278697.500 2.051000576 0 LL 0
5085278917.500 -8.8075e-05 0 71 0 -1 -1 * * 5085278917.500 2.051000535 0 LL 0
5085279063.750 3.82546e-05 0 72 0 -1 -1 * * 5085279063.750 2.051000508 0 LL 0
5085279243.750 -2.79159e-05 0 73 0 -1 -1 * * 5085279243.750 2.051000475 0 LL 0
5085279423.750 2.87706e-05 0 74 0 -1 -1 * * 5085279423.750 2.051000442 0 LL 0
5085279603.750 -5.27554e-05 0 75 0 -1 -1 * * 5085279603.750 2.051000408 0 LL 0
5085279783.750 -5.01003e-05 0 76 0 -1 -1 * * 5085279783.750 2.051000375 0 LL 0
5085279963.750 -4.61622e-05 0 77 0 -1 -1 * * 5085279963.750 2.051000341 0 LL 0
5085280142.500 -2.71852e-05 0 78 0 -1 -1 * * 5085280142.500 2.051000308 0 LL 0
5085280318.750 -1.04933e-06 0 79 0 -1 -1 * * 5085280318.750 2.051000275 0 LL 0
5085280498.750 -5.40378e-06 0 80 0 -1 -1 * * 5085280498.750 2.051000241 0 LL 0
5085280678.750 -2.80985e-05 0 81 0 -1 -1 * * 5085280678.750 2.051000207 0 LL 0
5085280858.750 -2.10232e-05 0 82 0 -1 -1 * * 5085280858.750 2.051000173 0 LL 0
5085281038.750 -3.86478e-05 0 83 0 -1 -1 * * 5085281038.750 2.051000140 0 LL 0
5085281218.750 -1.45799e-05 0 84 0 -1 -1 * * 5085281218.750 2.051000106 0 LL 0
5085281398.750 -1.48945e-06 0 85 0 -1 -1 * * 5085281398.750 2.051000072 0 LL 0
5085281578.750 -6.20629e-05 0 86 0 -1 -1 * * 5085281578.750 2.051000038 0 LL 0
5085281758.750 -0.00011901 0 87 0 -1 -1 * * 5085281758.750 2.051000004 0 LL 0
5085281937.500 -0.000122521 0 88 0 -1 -1 * * 5085281937.500 2.050999970 0 LL 0
5085282113.750 1.63426e-05 0 89 0 -1 -1 * * 5085282113.750 2.050999937 0 LL 0
5085282293.750 3.06342e-06 0 90 0 -1 -1 * * 5085282293.750 2.050999903 0 LL 0
5085282472.500 -1.66167e-05 0 91 0 -1 -1 * * 5085282472.500 2.050999870 0 LL 0
5085282692.500 5.37896e-05 0 93 0 -1 -1 * * 5085282692.500 2.050999828 0 LL 0
5085282838.750 -8.71755e-06 0 94 0 -1 -1 * * 5085282838.750 2.050999801 0 LL 0
5085283018.750 -3.2686e-05 0 95 0 -1 -1 * * 5085283018.750 2.050999767 0 LL 0
5085283198.750 -1.98918e-06 0 96 0 -1 -1 * * 5085283198.750 2.050999733 0 LL 0
5085283378.750 -6.01091e-06 0 97 0 -1 -1 * * 5085283378.750 2.050999700 0 LL 0
5085283558.750 -6.59258e-05 0 98 0 -1 -1 * * 5085283558.750 2.050999666 0 LL 0
5085283737.500 -1.18997e-05 0 99 0 -1 -1 * * 5085283737.500 2.050999633 0 LL 0
5085283913.750 -1.62035e-05 0 100 0 -1 -1 * * 5085283913.750 2.050999600 0 LL 0
5085284093.750 1.45035e-05 0 101 0 -1 -1 * * 5085284093.750 2.050999566 0 LL 0
5085284273.750 -5.41979e-05 0 102 0 -1 -1 * * 5085284273.750 2.050999533 0 LL 0
5085284453.750 9.83821e-05 0 103 0 -1 -1 * * 5085284453.750 2.050999500 0 LL 0
5085284633.750 -3.23852e-05 0 104 0 -1 -1 * * 5085284633.750 2.050999466 0 LL 0
5085284813.750 1.6147e-05 0 105 0 -1 -1 * * 5085284813.750 2.050999433 0 LL 0
5085284993.750 1.76803e-05 0 106 0 -1 -1 * * 5085284993.750 2.050999400 0 LL 0
5085285173.750 -6.62133e-05 0 107 0 -1 -1 * * 5085285173.750 2.050999367 0 LL 0
5085285353.750 -8.98039e-06 0 108 0 -1 -1 * * 5085285353.750 2.050999334 0 LL 0
5085285532.500 4.98737e-05 0 109 0 -1 -1 * * 5085285532.500 2.050999302 0 LL 0
5085285708.750 2.64159e-05 0 110 0 -1 -1 * * 5085285708.750 2.050999270 0 LL 0
5085285888.750 3.66563e-05 0 111 0 -1 -1 * * 5085285888.750 2.050999238 0 LL 0
5085286068.750 3.64539e-05 0 112 0 -1 -1 * * 5085286068.750 2.050999205 0 LL 0
5085286247.500 2.13735e-05 0 113 0 -1 -1 * * 5085286247.500 2.050999173 0 LL 0
5085286467.500 -1.15174e-05 0 115 0 -1 -1 * * 5085286467.500 2.050999134 0 LL 0
5085286613.750 -4.46632e-05 0 116 0 -1 -1 * * 5085286613.750 2.050999108 0 LL 0
5085286793.750 -4.53666e-05 0 117 0 -1 -1 * * 5085286793.750 2.050999077 0 LL 0
5085286973.750 -1.17673e-05 0 118 0 -1 -1 * * 5085286973.750 2.050999045 0 LL 0
5085287153.750 2.09497e-06 0 119 0 -1 -1 * * 5085287153.750 2.050999014 0 LL 0
5085287332.500 4.96383e-06 0 120 0 -1 -1 * * 5085287332.500 2.050998982 0 LL 0
5085287508.750 5.82104e-05 0 121 0 -1 -1 * * 5085287508.750 2.050998952 0 LL 0
5085287688.750 -4.49346e-05 0 122 0 -1 -1 * * 5085287688.750 2.050998921 0 LL 0
5085287868.750 -1.55627e-07 0 123 0 -1 -1 * * 5085287868.750 2.050998890 0 LL 0
5085288048.750 -2.82667e-05 0 124 0 -1 -1 * * 5085288048.750 2.050998860 0 LL 0
5085288228.750 1.57827e-05 0 125 0 -1 -1 * * 5085288228.750 2.050998830 0 LL 0
5085288408.750 3.24956e-05 0 126 0 -1 -1 * * 5085288408.750 2.050998799 0 LL 0
5085288588.750 3.2738e-05 0 127 0 -1 -1 * * 5085288588.750 2.050998770 0 LL 0
5085288768.750 4.57375e-05 0 128 0 -1 -1 * * 5085288768.750 2.050998740 0 LL 0
5085288948.750 5.11301e-05 0 129 0 -1 -1 * * 5085288948.750 2.050998710 0 LL 0
5085289127.500 -1.86929e-05 0 130 0 -1 -1 * * 5085289127.500 2.050998681 0 LL 0
5085289303.750 -1.33776e-05 0 131 0 -1 -1 * * 5085289303.750 2.050998653 0 LL 0
5085289483.750 -2.48437e-05 0 132 0 -1 -1 * * 5085289483.750 2.050998624 0 LL 0
5085289663.750 -5.24384e-05 0 133 0 -1 -1 * * 5085289663.750 2.050998595 0 LL 0
5085289843.750 -0.000114967 0 134 0 -1 -1 * * 5085289843.750 2.050998567 0 LL 0
5085290023.750 -3.69685e-05 0 135 0 -1 -1 * * 5085290023.750 2.050998539 0 LL 0
5085355552.500 -0.000102378 0 136 0 -1 -1 * * 5085355552.500 2.051002029 0 LL 1
5085355698.750 -3.59472e-05 0 137 0 -1 -1 * * 5085355698.750 2.051002012 0 LL 1
5085355878.750 -7.29866e-05 0 138 0 -1 -1 * * 5085355878.750 2.051001991 0 LL 1
5085356058.750 -1.81939e-06 0 139 0 -1 -1 * * 5085356058.750 2.051001969 0 LL 1
5085356238.750 -2.37738e-05 0 140 0 -1 -1 * * 5085356238.750 2.051001947 0 LL 1
5085356418.750 1.46528e-05 0 141 0 -1 -1 * * 5085356418.750 2.051001924 0 LL 1
5085356598.750 -1.60617e-06 0 142 0 -1 -1 * * 5085356598.750 2.051001902 0 LL 1
5085356778.750 2.06184e-05 0 143 0 -1 -1 * * 5085356778.750 2.051001878 0 LL 1
5085356953.750 -0.000111457 0 144 0 -1 -1 * * 5085356953.750 2.051001856 0 LL 1
5085357133.750 5.1095e-05 0 145 0 -1 -1 * * 5085357133.750 2.051001832 0 LL 1
5085357313.750 -4.9664e-05 0 146 0 -1 -1 * * 5085357313.750 2.051001808 0 LL 1
5085357493.750 -5.82272e-05 0 147 0 -1 -1 * * 5085357493.750 2.051001784 0 LL 1
5085357673.750 8.68131e-05 0 148 0 -1 -1 * * 5085357673.750 2.051001759 0 LL 1
5085357853.750 -3.1719e-07 0 149 0 -1 -1 * * 5085357853.750 2.051001734 0 LL 1
5085358033.750 -8.29825e-05 0 150 0 -1 -1 * * 5085358033.750 2.051001709 0 LL 1
5085358213.750 -8.87724e-05 0 151 0 -1 -1 * * 5085358213.750 2.051001683 0 LL 1
5085358393.750 -8.59438e-05 0 152 0 -1 -1 * * 5085358393.750 2.051001657 0 LL 1
5085358573.750 -6.29705e-06 0 153 0 -1 -1 * * 5085358573.750 2.051001631 0 LL 1
5085358752.500 -1.84627e-05 0 154 0 -1 -1 * * 5085358752.500 2.051001605 0 LL 1
5085358928.750 1.60726e-05 0 155 0 -1 -1 * * 5085358928.750 2.051001579 0 LL 1
5085359108.750 -8.92643e-06 0 156 0 -1 -1 * * 5085359108.750 2.051001552 0 LL 1
5085359327.500 1.95346e-05 0 158 0 -1 -1 * * 5085359327.500 2.051001518 0 LL 1
5085359473.750 9.00496e-06 0 159 0 -1 -1 * * 5085359473.750 2.051001496 0 LL 1
5085359653.750 -1.8119e-06 0 160 0 -1 -1 * * 5085359653.750 2.051001468 0 LL 1
5085359833.750 3.40272e-05 0 161 0 -1 -1 * * 5085359833.750 2.051001440 0 LL 1
5085360013.750 -3.70339e-05 0 162 0 -1 -1 * * 5085360013.750 2.051001412 0 LL 1
5085360193.750 8.20752e-06 0 163 0 -1 -1 * * 5085360193.750 2.051001384 0 LL 1
5085360373.750 -9.1968e-05 0 164 0 -1 -1 * * 5085360373.750 2.051001355 0 LL 1
5085360552.500 -6.08973e-05 0 165 0 -1 -1 * * 5085360552.500 2.051001326 0 LL 1
5085360728.750 -6.3023e-05 0 166 0 -1 -1 * * 5085360728.750 2.051001297 0 LL 1
5085360908.750 5.65644e-06 0 167 0 -1 -1 * * 5085360908.750 2.051001268 0 LL 1
5085361088.750 4.26006e-05 0 168 0 -1 -1 * * 5085361088.750 2.051001238 0 LL 1
5085361268.750 3.1413e-05 0 169 0 -1 -1 * * 5085361268.750 2.051001208 0 LL 1
5085361448.750 3.50474e-05 0 170 0 -1 -1 * * 5085361448.750 2.051001178 0 LL 1
5085361628.750 7.29473e-05 0 171 0 -1 -1 * * 5085361628.750 2.051001148 0 LL 1
5085361808.750 1.34678e-06 0 172 0 -1 -1 * * 5085361808.750 2.051001118 0 LL 1
5085361988.750 1.5116e-07 0 173 0 -1 -1 * * 5085361988.750 2.051001087 0 LL 1
5085362168.750 3.13576e-05 0 174 0 -1 -1 * * 5085362168.750 2.051001056 0 LL 1
5085362347.500 -2.73844e-05 0 175 0 -1 -1 * * 5085362347.500 2.051001025 0 LL 1
5085362523.750 -4.78288e-05 0 176 0 -1 -1 * * 5085362523.750 2.051000995 0 LL 1
5085362703.750 -4.98219e-05 0 177 0 -1 -1 * * 5085362703.750 2.051000963 0 LL 1
5085362882.500 2.14544e-05 0 178 0 -1 -1 * * 5085362882.500 2.051000932 0 LL 1
5085363102.500 -4.94845e-05 0 180 0 -1 -1 * * 5085363102.500 2.051000893 0 LL 1
5085363248.750 5.45759e-05 0 181 0 -1 -1 * * 5085363248.750 2.051000867 0 LL 1
5085363428.750 -2.54472e-05 0 182 0 -1 -1 * * 5085363428.750 2.051000835 0 LL 1
5085363608.750 -4.96894e-05 0 183 0 -1 -1 * * 5085363608.750 2.051000803 0 LL 1
5085363788.750 7.56316e-06 0 184 0 -1 -1 * * 5085363788.750 2.051000771 0 LL 1
5085363968.750 9.06709e-06 0 185 0 -1 -1 * * 5085363968.750 2.051000738 0 LL 1
5085364147.500 -1.95279e-05 0 186 0 -1 -1 * * 5085364147.500 2.051000706 0 LL 1
5085364323.750 -9.73647e-06 0 187 0 -1 -1 * * 5085364323.750 2.051000674 0 LL 1
5085364503.750 -8.6402e-05 0 188 0 -1 -1 * * 5085364503.750 2.051000641 0 LL 1
5085364683.750 7.48558e-05 0 189 0 -1 -1 * * 5085364683.750 2.051000608 0 LL 1
5085364863.750 3.02621e-05 0 190 0 -1 -1 * * 5085364863.750 2.051000575 0 LL 1
5085365043.750 3.15419e-05 0 191 0 -1 -1 * * 5085365043.750 2.051000542 0 LL 1
5085365223.750 6.5337e-05 0 192 0 -1 -1 * * 5085365223.750 2.051000509 0 LL 1
5085365403.750 -1.66348e-05 0 193 0 -1 -1 * * 5085365403.750 2.051000476 0 LL 1
5085365583.750 2.0322e-05 0 194 0 -1 -1 * * 5085365583.750 2.051000443 0 LL 1
5085365763.750 -0.000106752 0 195 0 -1 -1 * * 5085365763.750 2.051000409 0 LL 1
5085365942.500 -5.23296e-05 0 196 0 -1 -1 * * 5085365942.500 2.051000376 0 LL 1
5085366118.750 1.73355e-05 0 197 0 -1 -1 * * 5085366118.750 2.051000343 0 LL 1
5085366298.750 -5.35577e-05 0 198 0 -1 -1 * * 5085366298.750 2.051000309 0 LL 1
5085366478.750 7.98512e-05 0 199 0 -1 -1 * * 5085366478.750 2.051000276 0 LL 1
5085366657.500 -4.99114e-05 0 200 0 -1 -1 * * 5085366657.500 2.051000242 0 LL 1
5085366877.500 -5.19604e-05 0 202 0 -1 -1 * * 5085366877.500 2.051000201 0 LL 1
5085367023.750 5.42421e-06 0 203 0 -1 -1 * * 5085367023.750 2.051000173 0 LL 1
5085367203.750 -1.16458e-05 0 204 0 -1 -1 * * 5085367203.750 2.051000139 0 LL 1
5085367383.750 1.89007e-05 0 205 0 -1 -1 * * 5085367383.750 2.051000106 0 LL 1
5085367563.750 -3.97448e-05 0 206 0 -1 -1 * * 5085367563.750 2.051000072 0 LL 1
5085367743.750 -2.54693e-05 0 207 0 -1 -1 * * 5085367743.750 2.051000038 0 LL 1
5085367918.750 -0.000114605 0 208 0 -1 -1 * * 5085367918.750 2.051000005 0 LL 1
5085368098.750 9.27963e-05 0 209 0 -1 -1 * * 5085368098.750 2.050999971 0 LL 1
5085368278.750 -1.87219e-05 0 210 0 -1 -1 * * 5085368278.750 2.050999937 0 LL 1
5085368458.750 -3.66501e-05 0 211 0 -1 -1 * * 5085368458.750 2.050999903 0 LL 1
5085368638.750 3.67771e-05 0 212 0 -1 -1 * * 5085368638.750 2.050999869 0 LL 1
5085368818.750 9.50684e-05 0 213 0 -1 -1 * * 5085368818.750 2.050999835 0 LL 1
5085368998.750 3.14537e-05 0 214 0 -1 -1 * * 5085368998.750 2.050999802 0 LL 1
5085369178.750 -5.46177e-05 0 215 0 -1 -1 * * 5085369178.750 2.050999768 0 LL 1
5085369358.750 -5.2546e-07 0 216 0 -1 -1 * * 5085369358.750 2.050999734 0 LL 1
5085369538.750 3.74124e-05 0 217 0 -1 -1 * * 5085369538.750 2.050999700 0 LL 1
5085369717.500 -5.74428e-05 0 218 0 -1 -1 * * 5085369717.500 2.050999667 0 LL 1
5085369893.750 2.00084e-05 0 219 0 -1 -1 * * 5085369893.750 2.050999634 0 LL 1
5085370073.750 -3.54091e-05 0 220 0 -1 -1 * * 5085370073.750 2.050999601 0 LL 1
5085370253.750 -9.9778e-06 0 221 0 -1 -1 * * 5085370253.750 2.050999567 0 LL 1
5085370432.500 -1.2699e-05 0 222 0 -1 -1 * * 5085370432.500 2.050999534 0 LL 1
5085370652.500 7.6933e-05 0 224 0 -1 -1 * * 5085370652.500 2.050999493 0 LL 1
5085370798.750 -5.94847e-05 0 225 0 -1 -1 * * 5085370798.750 2.050999466 0 LL 1
5085370978.750 -5.16146e-06 0 226 0 -1 -1 * * 5085370978.750 2.050999433 0 LL 1
5085371158.750 3.81229e-05 0 227 0 -1 -1 * * 5085371158.750 2.050999400 0 LL 1
5085371338.750 -1.16422e-05 0 228 0 -1 -1 * * 5085371338.750 2.050999367 0 LL 1
5085371517.500 2.36531e-06 0 229 0 -1 -1 * * 5085371517.500 2.050999335 0 LL 1
5085371693.750 -4.26146e-05 0 230 0 -1 -1 * * 5085371693.750 2.050999303 0 LL 1
5085371873.750 -7.91584e-05 0 231 0 -1 -1 * * 5085371873.750 2.050999270 0 LL 1
5085372053.750 -1.55636e-06 0 232 0 -1 -1 * * 5085372053.750 2.050999237 0 LL 1
5085372233.750 7.72647e-05 0 233 0 -1 -1 * * 5085372233.750 2.050999205 0 LL 1
5085372413.750 3.03841e-05 0 234 0 -1 -1 * * 5085372413.750 2.050999173 0 LL 1
5085372593.750 -1.55559e-05 0 235 0 -1 -1 * * 5085372593.750 2.050999141 0 LL 1
5085372773.750 -5.46218e-05 0 236 0 -1 -1 * * 5085372773.750 2.050999109 0 LL 1
5085372953.750 -1.75162e-05 0 237 0 -1 -1 * * 5085372953.750 2.050999077 0 LL 1
5085373133.750 6.4118e-06 0 238 0 -1 -1 * * 5085373133.750 2.050999046 0 LL 1
5085373312.500 -1.31607e-05 0 239 0 -1 -1 * * 5085373312.500 2.050999014 0 LL 1
5085373488.750 -1.4363e-05 0 240 0 -1 -1 * * 5085373488.750 2.050998984 0 LL 1
5085373668.750 -8.21325e-05 0 241 0 -1 -1 * * 5085373668.750 2.050998953 0 LL 1
5085373848.750 -1.16472e-05 0 242 0 -1 -1 * * 5085373848.750 2.050998922 0 LL 1
5085374028.750 -1.45562e-05 0 243 0 -1 -1 * * 5085374028.750 2.050998891 0 LL 1
5085374207.500 -1.97949e-05 0 244 0 -1 -1 * * 5085374207.500 2.050998861 0 LL 1
5085374427.500 2.84299e-05 0 246 0 -1 -1 * * 5085374427.500 2.050998824 0 LL 1
5085374573.750 1.41403e-05 0 247 0 -1 -1 * * 5085374573.750 2.050998799 0 LL 1
5085374753.750 1.67681e-05 0 248 0 -1 -1 * * 5085374753.750 2.050998769 0 LL 1
5085374933.750 1.57833e-05 0 249 0 -1 -1 * * 5085374933.750 2.050998740 0 LL 1
5085375112.500 5.48264e-05 0 250 0 -1 -1 * * 5085375112.500 2.050998710 0 LL 1
5085375288.750 1.7386e-05 0 251 0 -1 -1 * * 5085375288.750 2.050998682 0 LL 1
5085375468.750 2.06264e-05 0 252 0 -1 -1 * * 5085375468.750 2.050998653 0 LL 1
5085375648.750 -1.27618e-05 0 253 0 -1 -1 * * 5085375648.750 2.050998624 0 LL 1
5085375828.750 -7.69013e-05 0 254 0 -1 -1 * * 5085375828.750 2.050998595 0 LL 1
5085376008.750 1.78554e-05 0 255 0 -1 -1 * * 5085376008.750 2.050998567 0 LL 1
5085376188.750 -8.08431e-05 0 256 0 -1 -1 * * 5085376188.750 2.050998539 0 LL 1
5085376368.750 -1.19631e-05 0 257 0 -1 -1 * * 5085376368.750 2.050998511 0 LL 1
5085376548.750 -8.66216e-06 0 258 0 -1 -1 * * 5085376548.750 2.050998483 0 LL 1
5085376728.750 2.34958e-05 0 259 0 -1 -1 * * 5085376728.750 2.050998456 0 LL 1
5085376907.500 4.0156e-05 0 260 0 -1 -1 * * 5085376907.500 2.050998429 0 LL 1
5085377083.750 1.46597e-05 0 261 0 -1 -1 * * 5085377083.750 2.050998403 0 LL 1
5085377263.750 -5.81373e-05 0 262 0 -1 -1 * * 5085377263.750 2.050998377 0 LL 1
5085377443.750 -0.000152357 0 263 0 -1 -1 * * 5085377443.750 2.050998350 0 LL 1
5085377623.750 -8.18146e-06 0 264 0 -1 -1 * * 5085377623.750 2.050998324 0 LL 1
5085377803.750 -2.4025e-05 0 265 0 -1 -1 * * 5085377803.750 2.050998299 0 LL 1
5085377983.750 -7.39562e-06 0 266 0 -1 -1 * * 5085377983.750 2.050998273 0 LL 1
5085443512.500 -3.31611e-05 0 267 0 -1 -1 * * 5085443512.500 2.051001803 0 LL 2
5085443658.750 -9.98146e-05 0 268 0 -1 -1 * * 5085443658.750 2.051001783 0 LL 2
5085443838.750 3.49876e-05 0 269 0 -1 -1 * * 5085443838.750 2.051001759 0 LL 2
5085444018.750 -7.77582e-07 0 270 0 -1 -1 * * 5085444018.750 2.051001734 0 LL 2
5085444198.750 -5.41812e-05 0 271 0 -1 -1 * * 5085444198.750 2.051001708 0 LL 2
5085444377.500 -1.19858e-05 0 272 0 -1 -1 * * 5085444377.500 2.051001683 0 LL 2
5085444553.750 -7.17991e-05 0 273 0 -1 -1 * * 5085444553.750 2.051001658 0 LL 2
5085444733.750 2.56072e-05 0 274 0 -1 -1 * * 5085444733.750 2.051001632 0 LL 2
5085444913.750 -2.05411e-05 0 275 0 -1 -1 * * 5085444913.750 2.051001605 0 LL 2
5085445093.750 -6.61758e-05 0 276 0 -1 -1 * * 5085445093.750 2.051001578 0 LL 2
5085445273.750 5.04173e-05 0 277 0 -1 -1 * * 5085445273.750 2.051001551 0 LL 2
5085445453.750 -5.7667e-05 0 278 0 -1 -1 * * 5085445453.750 2.051001524 0 LL 2
5085445633.750 -2.62202e-05 0 279 0 -1 -1 * * 5085445633.750 2.051001497 0 LL 2
5085445813.750 -2.62964e-05 0 280 0 -1 -1 * * 5085445813.750 2.051001469 0 LL 2
5085445993.750 -3.32736e-05 0 281 0 -1 -1 * * 5085445993.750 2.051001441 0 LL 2
5085446173.750 -3.30916e-05 0 282 0 -1 -1 * * 5085446173.750 2.051001413 0 LL 2
5085446348.750 -4.60814e-06 0 283 0 -1 -1 * * 5085446348.750 2.051001385 0 LL 2
5085446528.750 -6.62597e-05 0 284 0 -1 -1 * * 5085446528.750 2.051001356 0 LL 2
5085446708.750 7.88921e-06 0 285 0 -1 -1 * * 5085446708.750 2.051001327 0 LL 2
5085446888.750 -4.5865e-07 0 286 0 -1 -1 * * 5085446888.750 2.051001298 0 LL 2
5085447067.500 -9.51094e-06 0 287 0 -1 -1 * * 5085447067.500 2.051001269 0 LL 2
5085447287.500 1.12808e-05 0 289 0 -1 -1 * * 5085447287.500 2.051001233 0 LL 2
5085447433.750 -1.83241e-05 0 290 0 -1 -1 * * 5085447433.750 2.051001208 0 LL 2
5085447613.750 3.07517e-05 0 291 0 -1 -1 * * 5085447613.750 2.051001178 0 LL 2
5085447793.750 -2.03022e-05 0 292 0 -1 -1 * * 5085447793.750 2.051001148 0 LL 2
5085447973.750 -8.97914e-06 0 293 0 -1 -1 * * 5085447973.750 2.051001117 0 LL 2
5085448152.500 5.71853e-05 0 294 0 -1 -1 * * 5085448152.500 2.051001087 0 LL 2
5085448328.750 -8.4389e-06 0 295 0 -1 -1 * * 5085448328.750 2.051001057 0 LL 2
5085448508.750 -1.80425e-05 0 296 0 -1 -1 * * 5085448508.750 2.051001026 0 LL 2
5085448688.750 -3.33731e-05 0 297 0 -1 -1 * * 5085448688.750 2.051000995 0 LL 2
5085448868.750 -4.7321e-05 0 298 0 -1 -1 * * 5085448868.750 2.051000963 0 LL 2
5085449048.750 -1.96627e-05 0 299 0 -1 -1 * * 5085449048.750 2.051000932 0 LL 2
5085449228.750 -2.95503e-05 0 300 0 -1 -1 * * 5085449228.750 2.051000900 0 LL 2
5085449408.750 -1.66213e-05 0 301 0 -1 -1 * * 5085449408.750 2.051000868 0 LL 2
5085449588.750 1.09364e-05 0 302 0 -1 -1 * * 5085449588.750 2.051000836 0 LL 2
5085449768.750 -1.89975e-05 0 303 0 -1 -1 * * 5085449768.750 2.051000804 0 LL 2
5085449947.500 -2.0459e-07 0 304 0 -1 -1 * * 5085449947.500 2.051000772 0 LL 2
5085450123.750 -6.98817e-05 0 305 0 -1 -1 * * 5085450123.750 2.051000740 0 LL 2
5085450303.750 -6.2468e-06 0 306 0 -1 -1 * * 5085450303.750 2.051000708 0 LL 2
5085450483.750 -4.07437e-06 0 307 0 -1 -1 * * 5085450483.750 2.051000675 0 LL 2
5085450663.750 -5.59746e-05 0 308 0 -1 -1 * * 5085450663.750 2.051000642 0 LL 2
5085450842.500 -5.76383e-06 0 309 0 -1 -1 * * 5085450842.500 2.051000609 0 LL 2
5085451062.500 -1.71105e-05 0 311 0 -1 -1 * * 5085451062.500 2.051000569 0 LL 2
5085451208.750 1.44397e-06 0 312 0 -1 -1 * * 5085451208.750 2.051000542 0 LL 2
5085451388.750 4.26816e-05 0 313 0 -1 -1 * * 5085451388.750 2.051000509 0 LL 2
5085451568.750 -5.00888e-05 0 314 0 -1 -1 * * 5085451568.750 2.051000476 0 LL 2
5085451747.500 3.37819e-05 0 315 0 -1 -1 * * 5085451747.500 2.051000443 0 LL 2
5085451923.750 6.38498e-07 0 316 0 -1 -1 * * 5085451923.750 2.051000410 0 LL 2
5085452103.750 2.72018e-05 0 317 0 -1 -1 * * 5085452103.750 2.051000376 0 LL 2
5085452283.750 -2.11359e-06 0 318 0 -1 -1 * * 5085452283.750 2.051000343 0 LL 2
5085452463.750 1.74492e-05 0 319 0 -1 -1 * * 5085452463.750 2.051000309 0 LL 2
5085452643.750 2.54984e-05 0 320 0 -1 -1 * * 5085452643.750 2.051000275 0 LL 2
5085452823.750 5.82157e-06 0 321 0 -1 -1 * * 5085452823.750 2.051000242 0 LL 2
5085453003.750 -5.22049e-05 0 322 0 -1 -1 * * 5085453003.750 2.051000208 0 LL 2
5085453183.750 6.74959e-06 0 323 0 -1 -1 * * 5085453183.750 2.051000174 0 LL 2
5085453363.750 1.88105e-05 0 324 0 -1 -1 * * 5085453363.750 2.051000140 0 LL 2
5085453542.500 7.38067e-05 0 325 0 -1 -1 * * 5085453542.500 2.051000107 0 LL 2
5085453718.750 -5.22404e-05 0 326 0 -1 -1 * * 5085453718.750 2.051000073 0 LL 2
5085453898.750 -1.47313e-06 0 327 0 -1 -1 * * 5085453898.750 2.051000040 0 LL 2
5085454078.750 -3.21286e-05 0 328 0 -1 -1 * * 5085454078.750 2.051000006 0 LL 2
5085454258.750 -1.84107e-06 0 329 0 -1 -1 * * 5085454258.750 2.050999972 0 LL 2
5085454438.750 -6.48287e-06 0 330 0 -1 -1 * * 5085454438.750 2.050999938 0 LL 2
5085454617.500 2.59204e-06 0 331 0 -1 -1 * * 5085454617.500 2.050999904 0 LL 2
5085454837.500 -4.98012e-06 0 333 0 -1 -1 * * 5085454837.500 2.050999863 0 LL 2
5085454983.750 -4.88794e-05 0 334 0 -1 -1 * * 5085454983.750 2.050999835 0 LL 2
5085455163.750 -6.94879e-05 0 335 0 -1 -1 * * 5085455163.750 2.050999801 0 LL 2
5085455342.500 -4.12874e-05 0 336 0 -1 -1 * * 5085455342.500 2.050999768 0 LL 2
5085455518.750 1.30082e-05 0 337 0 -1 -1 * * 5085455518.750 2.050999735 0 LL 2
5085455698.750 -6.10011e-06 0 338 0 -1 -1 * * 5085455698.750 2.050999701 0 LL 2
5085455878.750 -6.37873e-05 0 339 0 -1 -1 * * 5085455878.750 2.050999667 0 LL 2
5085456058.750 -2.19197e-05 0 340 0 -1 -1 * * 5085456058.750 2.050999634 0 LL 2
5085456238.750 5.67364e-06 0 341 0 -1 -1 * * 5085456238.750 2.050999600 0 LL 2
5085456418.750 -8.19691e-05 0 342 0 -1 -1 * * 5085456418.750 2.050999567 0 LL 2
5085456598.750 3.4963e-05 0 343 0 -1 -1 * * 5085456598.750 2.050999534 0 LL 2
5085456778.750 5.74215e-05 0 344 0 -1 -1 * * 5085456778.750 2.050999500 0 LL 2
5085456958.750 -4.33191e-05 0 345 0 -1 -1 * * 5085456958.750 2.050999467 0 LL 2
5085457137.500 2.83703e-05 0 346 0 -1 -1 * * 5085457137.500 2.050999434 0 LL 2
5085457313.750 6.21286e-05 0 347 0 -1 -1 * * 5085457313.750 2.050999402 0 LL 2
5085457493.750 -5.42455e-05 0 348 0 -1 -1 * * 5085457493.750 2.050999369 0 LL 2
5085457673.750 5.05448e-05 0 349 0 -1 -1 * * 5085457673.750 2.050999336 0 LL 2
5085457853.750 -3.17964e-05 0 350 0 -1 -1 * * 5085457853.750 2.050999303 0 LL 2
5085458033.750 1.1464e-05 0 351 0 -1 -1 * * 5085458033.750 2.050999271 0 LL 2
5085458213.750 -1.36672e-05 0 352 0 -1 -1 * * 5085458213.750 2.050999238 0 LL 2
5085458392.500 -3.16932e-05 0 353 0 -1 -1 * * 5085458392.500 2.050999206 0 LL 2
5085458612.500 -5.69678e-05 0 355 0 -1 -1 * * 5085458612.500 2.050999167 0 LL 2
5085458758.750 -4.30553e-05 0 356 0 -1 -1 * * 5085458758.750 2.050999141 0 LL 2
5085458938.750 -0.000100969 0 357 0 -1 -1 * * 5085458938.750 2.050999109 0 LL 2
5085459117.500 3.18627e-06 0 358 0 -1 -1 * * 5085459117.500 2.050999077 0 LL 2
5085459293.750 2.52974e-05 0 359 0 -1 -1 * * 5085459293.750 2.050999046 0 LL 2
5085459473.750 -8.76448e-05 0 360 0 -1 -1 * * 5085459473.750 2.050999015 0 LL 2
5085459653.750 4.30654e-05 0 361 0 -1 -1 * * 5085459653.750 2.050998984 0 LL 2
5085459833.750 7.54248e-06 0 362 0 -1 -1 * * 5085459833.750 2.050998953 0 LL 2
5085460013.750 -1.74534e-05 0 363 0 -1 -1 * * 5085460013.750 2.050998922 0 LL 2
5085460193.750 3.31961e-05 0 364 0 -1 -1 * * 5085460193.750 2.050998891 0 LL 2
5085460373.750 -4.95689e-05 0 365 0 -1 -1 * * 5085460373.750 2.050998860 0 LL 2
5085460553.750 4.95983e-05 0 366 0 -1 -1 * * 5085460553.750 2.050998830 0 LL 2
5085460733.750 -1.51223e-05 0 367 0 -1 -1 * * 5085460733.750 2.050998800 0 LL 2
5085460912.500 8.90018e-05 0 368 0 -1 -1 * * 5085460912.500 2.050998770 0 LL 2
5085461088.750 4.61369e-05 0 369 0 -1 -1 * * 5085461088.750 2.050998741 0 LL 2
5085461268.750 1.79382e-05 0 370 0 -1 -1 * * 5085461268.750 2.050998712 0 LL 2
5085461448.750 -9.56261e-05 0 371 0 -1 -1 * * 5085461448.750 2.050998682 0 LL 2
5085461628.750 3.96865e-05 0 372 0 -1 -1 * * 5085461628.750 2.050998653 0 LL 2
5085461808.750 -1.7254e-05 0 373 0 -1 -1 * * 5085461808.750 2.050998625 0 LL 2
5085461988.750 -7.89677e-05 0 374 0 -1 -1 * * 5085461988.750 2.050998596 0 LL 2
5085462168.750 3.63165e-05 0 375 0 -1 -1 * * 5085462168.750 2.050998568 0 LL 2
5085462387.500 -0.000107479 0 377 0 -1 -1 * * 5085462387.500 2.050998534 0 LL 2
5085462533.750 -0.000107962 0 378 0 -1 -1 * * 5085462533.750 2.050998511 0 LL 2
5085462712.500 7.69065e-05 0 379 0 -1 -1 * * 5085462712.500 2.050998484 0 LL 2
5085462888.750 2.83858e-06 0 380 0 -1 -1 * * 5085462888.750 2.050998457 0 LL 2
5085463068.750 5.5806e-05 0 381 0 -1 -1 * * 5085463068.750 2.050998430 0 LL 2
5085463248.750 -0.00010355 0 382 0 -1 -1 * * 5085463248.750 2.050998403 0 LL 2
5085463428.750 -1.49338e-05 0 383 0 -1 -1 * * 5085463428.750 2.050998376 0 LL 2
5085463608.750 2.50237e-05 0 384 0 -1 -1 * * 5085463608.750 2.050998350 0 LL 2
5085463788.750 6.30907e-05 0 385 0 -1 -1 * * 5085463788.750 2.050998324 0 LL 2
5085463968.750 -7.67242e-05 0 386 0 -1 -1 * * 5085463968.750 2.050998299 0 LL 2
5085464148.750 -5.53149e-06 0 387 0 -1 -1 * * 5085464148.750 2.050998273 0 LL 2
5085464328.750 1.70184e-05 0 388 0 -1 -1 * * 5085464328.750 2.050998248 0 LL 2
5085464507.500 -3.22784e-05 0 389 0 -1 -1 * * 5085464507.500 2.050998224 0 LL 2
5085464683.750 -0.000157997 0 390 0 -1 -1 * * 5085464683.750 2.050998200 0 LL 2
5085464863.750 -1.86041e-05 0 391 0 -1 -1 * * 5085464863.750 2.050998175 0 LL 2
5085465043.750 -4.72176e-05 0 392 0 -1 -1 * * 5085465043.750 2.050998152 0 LL 2
5085465223.750 -5.5922e-05 0 393 0 -1 -1 * * 5085465223.750 2.050998128 0 LL 2
5085465403.750 -2.49212e-05 0 394 0 -1 -1 * * 5085465403.750 2.050998105 0 LL 2
5085465583.750 -0.000125384 0 395 0 -1 -1 * * 5085465583.750 2.050998082 0 LL 2
5085465763.750 4.34758e-05 0 396 0 -1 -1 * * 5085465763.750 2.050998059 0 LL 2
5085465943.750 5.70296e-05 0 397 0 -1 -1 * * 5085465943.750 2.050998037 0 LL 2
