# vis: TOI732_small.ms
# scan: 136~266
# correlation: LL
# channel average: 2048
# time average: 1e+08s
# baseline average: True
# spw average: True
# From plot 0
# x y chan scan field ant1 ant2 ant1name ant2name time freq spw corr obs
# Time Real None None None None None None None MJD(seconds) GHz None None None
5085355552.500 -0.000102378 0 136 0 -1 -1 * * 5085355552.500 2.051002029 0 LL 1
5085355698.750 -3.59472e-05 0 137 0 -1 -1 * * 5085355698.750 2.051002012 0 LL 1
5085355878.750 -7.29866e-05 0 138 0 -1 -1 * * 5085355878.750 2.051001991 0 LL 1
5085356058.750 -1.81939e-06 0 139 0 -1 -1 * * 5085356058.750 2.051001969 0 LL 1
5085356238.750 -2.37738e-05 0 140 0 -1 -1 * * 5085356238.750 2.051001947 0 LL 1
5085356418.750 1.46528e-05 0 141 0 -1 -1 * * 5085356418.750 2.051001924 0 LL 1
5085356598.750 -1.60617e-06 0 142 0 -1 -1 * * 5085356598.750 2.051001902 0 LL 1
5085356778.750 2.06184e-05 0 143 0 -1 -1 * * 5085356778.750 2.051001878 0 LL 1
5085356953.750 -0.000111457 0 144 0 -1 -1 * * 5085356953.750 2.051001856 0 LL 1
5085357133.750 5.1095e-05 0 145 0 -1 -1 * * 5085357133.750 2.051001832 0 LL 1
5085357313.750 -4.9664e-05 0 146 0 -1 -1 * * 5085357313.750 2.051001808 0 LL 1
5085357493.750 -5.82272e-05 0 147 0 -1 -1 * * 5085357493.750 2.051001784 0 LL 1
5085357673.750 8.68131e-05 0 148 0 -1 -1 * * 5085357673.750 2.051001759 0 LL 1
5085357853.750 -3.1719e-07 0 149 0 -1 -1 * * 5085357853.750 2.051001734 0 LL 1
5085358033.750 -8.29825e-05 0 150 0 -1 -1 * * 5085358033.750 2.051001709 0 LL 1
5085358213.750 -8.87724e-05 0 151 0 -1 -1 * * 5085358213.750 2.051001683 0 LL 1
5085358393.750 -8.59438e-05 0 152 0 -1 -1 * * 5085358393.750 2.051001657 0 LL 1
5085358573.750 -6.29705e-06 0 153 0 -1 -1 * * 5085358573.750 2.051001631 0 LL 1
5085358752.500 -1.84627e-05 0 154 0 -1 -1 * * 5085358752.500 2.051001605 0 LL 1
5085358928.750 1.60726e-05 0 155 0 -1 -1 * * 5085358928.750 2.051001579 0 LL 1
5085359108.750 -8.92643e-06 0 156 0 -1 -1 * * 5085359108.750 2.051001552 0 LL 1
5085359327.500 1.95346e-05 0 158 0 -1 -1 * * 5085359327.500 2.051001518 0 LL 1
5085359473.750 9.00496e-06 0 159 0 -1 -1 * * 5085359473.750 2.051001496 0 LL 1
5085359653.750 -1.8119e-06 0 160 0 -1 -1 * * 5085359653.750 2.051001468 0 LL 1
5085359833.750 3.40272e-05 0 161 0 -1 -1 * * 5085359833.750 2.051001440 0 LL 1
5085360013.750 -3.70339e-05 0 162 0 -1 -1 * * 5085360013.750 2.051001412 0 LL 1
5085360193.750 8.20752e-06 0 163 0 -1 -1 * * 5085360193.750 2.051001384 0 LL 1
5085360373.750 -9.1968e-05 0 164 0 -1 -1 * * 5085360373.750 2.051001355 0 LL 1
5085360552.500 -6.08973e-05 0 165 0 -1 -1 * * 5085360552.500 2.051001326 0 LL 1
5085360728.750 -6.3023e-05 0 166 0 -1 -1 * * 5085360728.750 2.051001297 0 LL 1
5085360908.750 5.65644e-06 0 167 0 -1 -1 * * 5085360908.750 2.051001268 0 LL 1
5085361088.750 4.26006e-05 0 168 0 -1 -1 * * 5085361088.750 2.051001238 0 LL 1
5085361268.750 3.1413e-05 0 169 0 -1 -1 * * 5085361268.750 2.051001208 0 LL 1
5085361448.750 3.50474e-05 0 170 0 -1 -1 * * 5085361448.750 2.051001178 0 LL 1
5085361628.750 7.29473e-05 0 171 0 -1 -1 * * 5085361628.750 2.051001148 0 LL 1
5085361808.750 1.34678e-06 0 172 0 -1 -1 * * 5085361808.750 2.051001118 0 LL 1
5085361988.750 1.5116e-07 0 173 0 -1 -1 * * 5085361988.750 2.051001087 0 LL 1
5085362168.750 3.13576e-05 0 174 0 -1 -1 * * 5085362168.750 2.051001056 0 LL 1
5085362347.500 -2.73844e-05 0 175 0 -1 -1 * * 5085362347.500 2.051001025 0 LL 1
5085362523.750 -4.78288e-05 0 176 0 -1 -1 * * 5085362523.750 2.051000995 0 LL 1
5085362703.750 -4.98219e-05 0 177 0 -1 -1 * * 5085362703.750 2.051000963 0 LL 1
5085362882.500 2.14544e-05 0 178 0 -1 -1 * * 5085362882.500 2.051000932 0 LL 1
5085363102.500 -4.94845e-05 0 180 0 -1 -1 * * 5085363102.500 2.051000893 0 LL 1
5085363248.750 5.45759e-05 0 181 0 -1 -1 * * 5085363248.750 2.051000867 0 LL 1
5085363428.750 -2.54472e-05 0 182 0 -1 -1 * * 5085363428.750 2.051000835 0 LL 1
5085363608.750 -4.96894e-05 0 183 0 -1 -1 * * 5085363608.750 2.051000803 0 LL 1
5085363788.750 7.56316e-06 0 184 0 -1 -1 * * 5085363788.750 2.051000771 0 LL 1
5085363968.750 9.06709e-06 0 185 0 -1 -1 * * 5085363968.750 2.051000738 0 LL 1
5085364147.500 -1.95279e-05 0 186 0 -1 -1 * * 5085364147.500 2.051000706 0 LL 1
5085364323.750 -9.73647e-06 0 187 0 -1 -1 * * 5085364323.750 2.051000674 0 LL 1
5085364503.750 -8.6402e-05 0 188 0 -1 -1 * * 5085364503.750 2.051000641 0 LL 1
5085364683.750 7.48558e-05 0 189 0 -1 -1 * * 5085364683.750 2.051000608 0 LL 1
5085364863.750 3.02621e-05 0 190 0 -1 -1 * * 5085364863.750 2.051000575 0 LL 1
5085365043.750 3.15419e-05 0 191 0 -1 -1 * * 5085365043.750 2.051000542 0 LL 1
5085365223.750 6.5337e-05 0 192 0 -1 -1 * * 5085365223.750 2.051000509 0 LL 1
5085365403.750 -1.66348e-05 0 193 0 -1 -1 * * 5085365403.750 2.051000476 0 LL 1
5085365583.750 2.0322e-05 0 194 0 -1 -1 * * 5085365583.750 2.051000443 0 LL 1
5085365763.750 -0.000106752 0 195 0 -1 -1 * * 5085365763.750 2.051000409 0 LL 1
5085365942.500 -5.23296e-05 0 196 0 -1 -1 * * 5085365942.500 2.051000376 0 LL 1
5085366118.750 1.73355e-05 0 197 0 -1 -1 * * 5085366118.750 2.051000343 0 LL 1
5085366298.750 -5.35577e-05 0 198 0 -1 -1 * * 5085366298.750 2.051000309 0 LL 1
5085366478.750 7.98512e-05 0 199 0 -1 -1 * * 5085366478.750 2.051000276 0 LL 1
5085366657.500 -4.99114e-05 0 200 0 -1 -1 * * 5085366657.500 2.051000242 0 LL 1
5085366877.500 -5.19604e-05 0 202 0 -1 -1 * * 5085366877.500 2.051000201 0 LL 1
5085367023.750 5.42421e-06 0 203 0 -1 -1 * * 5085367023.750 2.051000173 0 LL 1
5085367203.750 -1.16458e-05 0 204 0 -1 -1 * * 5085367203.750 2.051000139 0 LL 1
5085367383.750 1.89007e-05 0 205 0 -1 -1 * * 5085367383.750 2.051000106 0 LL 1
5085367563.750 -3.97448e-05 0 206 0 -1 -1 * * 5085367563.750 2.051000072 0 LL 1
5085367743.750 -2.54693e-05 0 207 0 -1 -1 * * 5085367743.750 2.051000038 0 LL 1
5085367918.750 -0.000114605 0 208 0 -1 -1 * * 5085367918.750 2.051000005 0 LL 1
5085368098.750 9.27963e-05 0 209 0 -1 -1 * * 5085368098.750 2.050999971 0 LL 1
5085368278.750 -1.87219e-05 0 210 0 -1 -1 * * 5085368278.750 2.050999937 0 LL 1
5085368458.750 -3.66501e-05 0 211 0 -1 -1 * * 5085368458.750 2.050999903 0 LL 1
5085368638.750 3.67771e-05 0 212 0 -1 -1 * * 5085368638.750 2.050999869 0 LL 1
5085368818.750 9.50684e-05 0 213 0 -1 -1 * * 5085368818.750 2.050999835 0 LL 1
5085368998.750 3.14537e-05 0 214 0 -1 -1 * * 5085368998.750 2.050999802 0 LL 1
5085369178.750 -5.46177e-05 0 215 0 -1 -1 * * 5085369178.750 2.050999768 0 LL 1
5085369358.750 -5.2546e-07 0 216 0 -1 -1 * * 5085369358.750 2.050999734 0 LL 1
5085369538.750 3.74124e-05 0 217 0 -1 -1 * * 5085369538.750 2.050999700 0 LL 1
5085369717.500 -5.74428e-05 0 218 0 -1 -1 * * 5085369717.500 2.050999667 0 LL 1
5085369893.750 2.00084e-05 0 219 0 -1 -1 * * 5085369893.750 2.050999634 0 LL 1
5085370073.750 -3.54091e-05 0 220 0 -1 -1 * * 5085370073.750 2.050999601 0 LL 1
5085370253.750 -9.9778e-06 0 221 0 -1 -1 * * 5085370253.750 2.050999567 0 LL 1
5085370432.500 -1.2699e-05 0 222 0 -1 -1 * * 5085370432.500 2.050999534 0 LL 1
5085370652.500 7.6933e-05 0 224 0 -1 -1 * * 5085370652.500 2.050999493 0 LL 1
5085370798.750 -5.94847e-05 0 225 0 -1 -1 * * 5085370798.750 2.050999466 0 LL 1
5085370978.750 -5.16146e-06 0 226 0 -1 -1 * * 5085370978.750 2.050999433 0 LL 1
5085371158.750 3.81229e-05 0 227 0 -1 -1 * * 5085371158.750 2.050999400 0 LL 1
5085371338.750 -1.16422e-05 0 228 0 -1 -1 * * 5085371338.750 2.050999367 0 LL 1
5085371517.500 2.36531e-06 0 229 0 -1 -1 * * 5085371517.500 2.050999335 0 LL 1
5085371693.750 -4.26146e-05 0 230 0 -1 -1 * * 5085371693.750 2.050999303 0 LL 1
5085371873.750 -7.91584e-05 0 231 0 -1 -1 * * 5085371873.750 2.050999270 0 LL 1
5085372053.750 -1.55636e-06 0 232 0 -1 -1 * * 5085372053.750 2.050999237 0 LL 1
5085372233.750 7.72647e-05 0 233 0 -1 -1 * * 5085372233.750 2.050999205 0 LL 1
5085372413.750 3.03841e-05 0 234 0 -1 -1 * * 5085372413.750 2.050999173 0 LL 1
5085372593.750 -1.55559e-05 0 235 0 -1 -1 * * 5085372593.750 2.050999141 0 LL 1
5085372773.750 -5.46218e-05 0 236 0 -1 -1 * * 5085372773.750 2.050999109 0 LL 1
5085372953.750 -1.75162e-05 0 237 0 -1 -1 * * 5085372953.750 2.050999077 0 LL 1
5085373133.750 6.4118e-06 0 238 0 -1 -1 * * 5085373133.750 2.050999046 0 LL 1
5085373312.500 -1.31607e-05 0 239 0 -1 -1 * * 5085373312.500 2.050999014 0 LL 1
5085373488.750 -1.4363e-05 0 240 0 -1 -1 * * 5085373488.750 2.050998984 0 LL 1
5085373668.750 -8.21325e-05 0 241 0 -1 -1 * * 5085373668.750 2.050998953 0 LL 1
5085373848.750 -1.16472e-05 0 242 0 -1 -1 * * 5085373848.750 2.050998922 0 LL 1
5085374028.750 -1.45562e-05 0 243 0 -1 -1 * * 5085374028.750 2.050998891 0 LL 1
5085374207.500 -1.97949e-05 0 244 0 -1 -1 * * 5085374207.500 2.050998861 0 LL 1
5085374427.500 2.84299e-05 0 246 0 -1 -1 * * 5085374427.500 2.050998824 0 LL 1
5085374573.750 1.41403e-05 0 247 0 -1 -1 * * 5085374573.750 2.050998799 0 LL 1
5085374753.750 1.67681e-05 0 248 0 -1 -1 * * 5085374753.750 2.050998769 0 LL 1
5085374933.750 1.57833e-05 0 249 0 -1 -1 * * 5085374933.750 2.050998740 0 LL 1
5085375112.500 5.48264e-05 0 250 0 -1 -1 * * 5085375112.500 2.050998710 0 LL 1
5085375288.750 1.7386e-05 0 251 0 -1 -1 * * 5085375288.750 2.050998682 0 LL 1
5085375468.750 2.06264e-05 0 252 0 -1 -1 * * 5085375468.750 2.050998653 0 LL 1
5085375648.750 -1.27618e-05 0 253 0 -1 -1 * * 5085375648.750 2.050998624 0 LL 1
5085375828.750 -7.69013e-05 0 254 0 -1 -1 * * 5085375828.750 2.050998595 0 LL 1
5085376008.750 1.78554e-05 0 255 0 -1 -1 * * 5085376008.750 2.050998567 0 LL 1
5085376188.750 -8.08431e-05 0 256 0 -1 -1 * * 5085376188.750 2.050998539 0 LL 1
5085376368.750 -1.19631e-05 0 257 0 -1 -1 * * 5085376368.750 2.050998511 0 LL 1
5085376548.750 -8.66216e-06 0 258 0 -1 -1 * * 5085376548.750 2.050998483 0 LL 1
5085376728.750 2.34958e-05 0 259 0 -1 -1 * * 5085376728.750 2.050998456 0 LL 1
5085376907.500 4.0156e-05 0 260 0 -1 -1 * * 5085376907.500 2.050998429 0 LL 1
5085377083.750 1.46597e-05 0 261 0 -1 -1 * * 5085377083.750 2.050998403 0 LL 1
5085377263.750 -5.81373e-05 0 262 0 -1 -1 * * 5085377263.750 2.050998377 0 LL 1
5085377443.750 -0.000152357 0 263 0 -1 -1 * * 5085377443.750 2.050998350 0 LL 1
5085377623.750 -8.18146e-06 0 264 0 -1 -1 * * 5085377623.750 2.050998324 0 LL 1
5085377803.750 -2.4025e-05 0 265 0 -1 -1 * * 5085377803.750 2.050998299 0 LL 1
5085377983.750 -7.39562e-06 0 266 0 -1 -1 * * 5085377983.750 2.050998273 0 LL 1
