# vis: TOI732_small.ms
# scan: 267~397
# correlation: RR
# channel average: 2048
# time average: 1e+08s
# baseline average: True
# spw average: True
# From plot 0
# x y chan scan field ant1 ant2 ant1name ant2name time freq spw corr obs
# Time Real None None None None None None None MJD(seconds) GHz None None None
5085443512.500 -1.23308e-05 0 267 0 -1 -1 * * 5085443512.500 2.051001803 0 RR 2
5085443658.750 -1.31296e-05 0 268 0 -1 -1 * * 5085443658.750 2.051001783 0 RR 2
5085443838.750 -2.11418e-05 0 269 0 -1 -1 * * 5085443838.750 2.051001759 0 RR 2
5085444018.750 -3.39923e-05 0 270 0 -1 -1 * * 5085444018.750 2.051001734 0 RR 2
5085444198.750 -4.48424e-06 0 271 0 -1 -1 * * 5085444198.750 2.051001708 0 RR 2
5085444377.500 -6.76491e-05 0 272 0 -1 -1 * * 5085444377.500 2.051001683 0 RR 2
5085444553.750 -7.60645e-06 0 273 0 -1 -1 * * 5085444553.750 2.051001658 0 RR 2
5085444733.750 -2.71513e-05 0 274 0 -1 -1 * * 5085444733.750 2.051001632 0 RR 2
5085444913.750 1.7251e-05 0 275 0 -1 -1 * * 5085444913.750 2.051001605 0 RR 2
5085445093.750 4.53096e-05 0 276 0 -1 -1 * * 5085445093.750 2.051001578 0 RR 2
5085445273.750 4.67595e-05 0 277 0 -1 -1 * * 5085445273.750 2.051001551 0 RR 2
5085445453.750 3.66355e-05 0 278 0 -1 -1 * * 5085445453.750 2.051001524 0 RR 2
5085445633.750 4.65861e-05 0 279 0 -1 -1 * * 5085445633.750 2.051001497 0 RR 2
5085445813.750 -3.74843e-05 0 280 0 -1 -1 * * 5085445813.750 2.051001469 0 RR 2
5085445993.750 4.3725e-05 0 281 0 -1 -1 * * 5085445993.750 2.051001441 0 RR 2
5085446173.750 -1.49064e-07 0 282 0 -1 -1 * * 5085446173.750 2.051001413 0 RR 2
5085446348.750 -4.90589e-06 0 283 0 -1 -1 * * 5085446348.750 2.051001385 0 RR 2
5085446528.750 -2.68075e-05 0 284 0 -1 -1 * * 5085446528.750 2.051001356 0 RR 2
5085446708.750 5.72745e-06 0 285 0 -1 -1 * * 5085446708.750 2.051001327 0 RR 2
5085446888.750 1.22546e-06 0 286 0 -1 -1 * * 5085446888.750 2.051001298 0 RR 2
5085447067.500 -9.46351e-05 0 287 0 -1 -1 * * 5085447067.500 2.051001269 0 RR 2
5085447287.500 -2.1083e-05 0 289 0 -1 -1 * * 5085447287.500 2.051001233 0 RR 2
5085447433.750 1.34132e-05 0 290 0 -1 -1 * * 5085447433.750 2.051001208 0 RR 2
5085447613.750 3.06892e-05 0 291 0 -1 -1 * * 5085447613.750 2.051001178 0 RR 2
5085447793.750 -2.21652e-05 0 292 0 -1 -1 * * 5085447793.750 2.051001148 0 RR 2
5085447973.750 8.00716e-05 0 293 0 -1 -1 * * 5085447973.750 2.051001117 0 RR 2
5085448152.500 -3.81422e-05 0 294 0 -1 -1 * * 5085448152.500 2.051001087 0 RR 2
5085448328.750 1.47443e-05 0 295 0 -1 -1 * * 5085448328.750 2.051001057 0 RR 2
5085448508.750 -2.79288e-05 0 296 0 -1 -1 * * 5085448508.750 2.051001026 0 RR 2
5085448688.750 -2.22062e-05 0 297 0 -1 -1 * * 5085448688.750 2.051000995 0 RR 2
5085448868.750 -1.40141e-05 0 298 0 -1 -1 * * 5085448868.750 2.051000963 0 RR 2
5085449048.750 -2.79937e-05 0 299 0 -1 -1 * * 5085449048.750 2.051000932 0 RR 2
5085449228.750 -6.77928e-05 0 300 0 -1 -1 * * 5085449228.750 2.051000900 0 RR 2
5085449408.750 -4.72666e-05 0 301 0 -1 -1 * * 5085449408.750 2.051000868 0 RR 2
5085449588.750 -3.64965e-06 0 302 0 -1 -1 * * 5085449588.750 2.051000836 0 RR 2
5085449768.750 -4.03953e-06 0 303 0 -1 -1 * * 5085449768.750 2.051000804 0 RR 2
5085449947.500 3.45387e-05 0 304 0 -1 -1 * * 5085449947.500 2.051000772 0 RR 2
5085450123.750 -1.34043e-05 0 305 0 -1 -1 * * 5085450123.750 2.051000740 0 RR 2
5085450303.750 -3.98964e-05 0 306 0 -1 -1 * * 5085450303.750 2.051000708 0 RR 2
5085450483.750 6.15269e-05 0 307 0 -1 -1 * * 5085450483.750 2.051000675 0 RR 2
5085450663.750 -4.80357e-05 0 308 0 -1 -1 * * 5085450663.750 2.051000642 0 RR 2
5085450842.500 7.54071e-05 0 309 0 -1 -1 * * 5085450842.500 2.051000609 0 RR 2
5085451062.500 1.05822e-05 0 311 0 -1 -1 * * 5085451062.500 2.051000569 0 RR 2
5085451208.750 1.28592e-05 0 312 0 -1 -1 * * 5085451208.750 2.051000542 0 RR 2
5085451388.750 3.0967e-05 0 313 0 -1 -1 * * 5085451388.750 2.051000509 0 RR 2
5085451568.750 -4.83123e-05 0 314 0 -1 -1 * * 5085451568.750 2.051000476 0 RR 2
5085451747.500 -4.81255e-05 0 315 0 -1 -1 * * 5085451747.500 2.051000443 0 RR 2
5085451923.750 -7.97006e-05 0 316 0 -1 -1 * * 5085451923.750 2.051000410 0 RR 2
5085452103.750 -3.06876e-05 0 317 0 -1 -1 * * 5085452103.750 2.051000376 0 RR 2
5085452283.750 -4.77177e-05 0 318 0 -1 -1 * * 5085452283.750 2.051000343 0 RR 2
5085452463.750 -1.85692e-05 0 319 0 -1 -1 * * 5085452463.750 2.051000309 0 RR 2
5085452643.750 1.49213e-05 0 320 0 -1 -1 * * 5085452643.750 2.051000275 0 RR 2
5085452823.750 -1.19012e-05 0 321 0 -1 -1 * * 5085452823.750 2.051000242 0 RR 2
5085453003.750 8.64945e-06 0 322 0 -1 -1 * * 5085453003.750 2.051000208 0 RR 2
5085453183.750 -9.10168e-05 0 323 0 -1 -1 * * 5085453183.750 2.051000174 0 RR 2
5085453363.750 -3.75742e-05 0 324 0 -1 -1 * * 5085453363.750 2.051000140 0 RR 2
5085453542.500 1.25689e-05 0 325 0 -1 -1 * * 5085453542.500 2.051000107 0 RR 2
5085453718.750 -7.7204e-05 0 326 0 -1 -1 * * 5085453718.750 2.051000073 0 RR 2
5085453898.750 -2.72057e-05 0 327 0 -1 -1 * * 5085453898.750 2.051000040 0 RR 2
5085454078.750 -9.72091e-05 0 328 0 -1 -1 * * 5085454078.750 2.051000006 0 RR 2
5085454258.750 -6.487e-05 0 329 0 -1 -1 * * 5085454258.750 2.050999972 0 RR 2
5085454438.750 -5.53277e-05 0 330 0 -1 -1 * * 5085454438.750 2.050999938 0 RR 2
5085454617.500 3.55642e-05 0 331 0 -1 -1 * * 5085454617.500 2.050999904 0 RR 2
5085454837.500 0.000108001 0 333 0 -1 -1 * * 5085454837.500 2.050999863 0 RR 2
5085454983.750 -9.06024e-06 0 334 0 -1 -1 * * 5085454983.750 2.050999835 0 RR 2
5085455163.750 -5.52496e-05 0 335 0 -1 -1 * * 5085455163.750 2.050999801 0 RR 2
5085455342.500 4.20093e-05 0 336 0 -1 -1 * * 5085455342.500 2.050999768 0 RR 2
5085455518.750 -3.25141e-05 0 337 0 -1 -1 * * 5085455518.750 2.050999735 0 RR 2
5085455698.750 -7.89017e-06 0 338 0 -1 -1 * * 5085455698.750 2.050999701 0 RR 2
5085455878.750 -4.92e-05 0 339 0 -1 -1 * * 5085455878.750 2.050999667 0 RR 2
5085456058.750 -0.000123297 0 340 0 -1 -1 * * 5085456058.750 2.050999634 0 RR 2
5085456238.750 8.70038e-05 0 341 0 -1 -1 * * 5085456238.750 2.050999600 0 RR 2
5085456418.750 7.53377e-05 0 342 0 -1 -1 * * 5085456418.750 2.050999567 0 RR 2
5085456598.750 -8.20974e-06 0 343 0 -1 -1 * * 5085456598.750 2.050999534 0 RR 2
5085456778.750 -1.7232e-05 0 344 0 -1 -1 * * 5085456778.750 2.050999500 0 RR 2
5085456958.750 -5.18732e-07 0 345 0 -1 -1 * * 5085456958.750 2.050999467 0 RR 2
5085457137.500 -1.54242e-05 0 346 0 -1 -1 * * 5085457137.500 2.050999434 0 RR 2
5085457313.750 -4.69752e-05 0 347 0 -1 -1 * * 5085457313.750 2.050999402 0 RR 2
5085457493.750 8.77486e-07 0 348 0 -1 -1 * * 5085457493.750 2.050999369 0 RR 2
5085457673.750 -5.22543e-07 0 349 0 -1 -1 * * 5085457673.750 2.050999336 0 RR 2
5085457853.750 7.58944e-06 0 350 0 -1 -1 * * 5085457853.750 2.050999303 0 RR 2
5085458033.750 -7.37327e-06 0 351 0 -1 -1 * * 5085458033.750 2.050999271 0 RR 2
5085458213.750 -4.37385e-05 0 352 0 -1 -1 * * 5085458213.750 2.050999238 0 RR 2
5085458392.500 7.62712e-05 0 353 0 -1 -1 * * 5085458392.500 2.050999206 0 RR 2
5085458612.500 1.33215e-05 0 355 0 -1 -1 * * 5085458612.500 2.050999167 0 RR 2
5085458758.750 1.3563e-05 0 356 0 -1 -1 * * 5085458758.750 2.050999141 0 RR 2
5085458938.750 -9.39256e-05 0 357 0 -1 -1 * * 5085458938.750 2.050999109 0 RR 2
5085459117.500 -6.29161e-05 0 358 0 -1 -1 * * 5085459117.500 2.050999077 0 RR 2
5085459293.750 -3.79307e-06 0 359 0 -1 -1 * * 5085459293.750 2.050999046 0 RR 2
5085459473.750 -5.06804e-05 0 360 0 -1 -1 * * 5085459473.750 2.050999015 0 RR 2
5085459653.750 -1.88252e-06 0 361 0 -1 -1 * * 5085459653.750 2.050998984 0 RR 2
5085459833.750 5.08858e-06 0 362 0 -1 -1 * * 5085459833.750 2.050998953 0 RR 2
5085460013.750 2.92331e-05 0 363 0 -1 -1 * * 5085460013.750 2.050998922 0 RR 2
5085460193.750 -9.02389e-05 0 364 0 -1 -1 * * 5085460193.750 2.050998891 0 RR 2
5085460373.750 -2.61787e-05 0 365 0 -1 -1 * * 5085460373.750 2.050998860 0 RR 2
5085460553.750 6.83567e-05 0 366 0 -1 -1 * * 5085460553.750 2.050998830 0 RR 2
5085460733.750 5.94275e-05 0 367 0 -1 -1 * * 5085460733.750 2.050998800 0 RR 2
5085460912.500 -1.57175e-05 0 368 0 -1 -1 * * 5085460912.500 2.050998770 0 RR 2
5085461088.750 2.30264e-05 0 369 0 -1 -1 * * 5085461088.750 2.050998741 0 RR 2
5085461268.750 3.68576e-05 0 370 0 -1 -1 * * 5085461268.750 2.050998712 0 RR 2
5085461448.750 -1.10234e-05 0 371 0 -1 -1 * * 5085461448.750 2.050998682 0 RR 2
5085461628.750 -0.000111163 0 372 0 -1 -1 * * 5085461628.750 2.050998653 0 RR 2
5085461808.750 -9.09071e-05 0 373 0 -1 -1 * * 5085461808.750 2.050998625 0 RR 2
5085461988.750 1.03981e-05 0 374 0 -1 -1 * * 5085461988.750 2.050998596 0 RR 2
5085462168.750 9.28451e-06 0 375 0 -1 -1 * * 5085462168.750 2.050998568 0 RR 2
5085462387.500 -4.47257e-05 0 377 0 -1 -1 * * 5085462387.500 2.050998534 0 RR 2
5085462533.750 2.82793e-05 0 378 0 -1 -1 * * 5085462533.750 2.050998511 0 RR 2
5085462712.500 -5.38557e-05 0 379 0 -1 -1 * * 5085462712.500 2.050998484 0 RR 2
5085462888.750 -0.000102671 0 380 0 -1 -1 * * 5085462888.750 2.050998457 0 RR 2
5085463068.750 -1.03511e-05 0 381 0 -1 -1 * * 5085463068.750 2.050998430 0 RR 2
5085463248.750 -1.10143e-05 0 382 0 -1 -1 * * 5085463248.750 2.050998403 0 RR 2
5085463428.750 -0.000117329 0 383 0 -1 -1 * * 5085463428.750 2.050998376 0 RR 2
5085463608.750 -3.1278e-05 0 384 0 -1 -1 * * 5085463608.750 2.050998350 0 RR 2
5085463788.750 -0.00010827 0 385 0 -1 -1 * * 5085463788.750 2.050998324 0 RR 2
5085463968.750 -2.19175e-05 0 386 0 -1 -1 * * 5085463968.750 2.050998299 0 RR 2
5085464148.750 1.4676e-05 0 387 0 -1 -1 * * 5085464148.750 2.050998273 0 RR 2
5085464328.750 -2.24858e-05 0 388 0 -1 -1 * * 5085464328.750 2.050998248 0 RR 2
5085464507.500 -1.69491e-06 0 389 0 -1 -1 * * 5085464507.500 2.050998224 0 RR 2
5085464683.750 -2.49725e-05 0 390 0 -1 -1 * * 5085464683.750 2.050998200 0 RR 2
5085464863.750 -2.25287e-05 0 391 0 -1 -1 * * 5085464863.750 2.050998175 0 RR 2
5085465043.750 3.67507e-05 0 392 0 -1 -1 * * 5085465043.750 2.050998152 0 RR 2
5085465223.750 -7.55826e-05 0 393 0 -1 -1 * * 5085465223.750 2.050998128 0 RR 2
5085465403.750 -1.0728e-05 0 394 0 -1 -1 * * 5085465403.750 2.050998105 0 RR 2
5085465583.750 -9.50764e-05 0 395 0 -1 -1 * * 5085465583.750 2.050998082 0 RR 2
5085465763.750 5.30023e-05 0 396 0 -1 -1 * * 5085465763.750 2.050998059 0 RR 2
5085465943.750 -3.95729e-05 0 397 0 -1 -1 * * 5085465943.750 2.050998037 0 RR 2
